%HEADER
File Generated by FAST Model Definer v1.0.0-beta.

%HEADER.ANALYSIS.ALGORITHM 
'LinearStability' 
 
%HEADER.ANALYSIS.MAXIMUM.ITERATIONS 
100 
 
%HEADER.ANALYSIS.TOLERANCE 
1.0e-05 

%NODE
289

%NODE.COORD
289
1	-5.00000000E+00	-5.00000000E+00	0.00000000E+00
2	-4.58333333E+00	-5.00000000E+00	0.00000000E+00
3	-3.75000000E+00	-5.00000000E+00	0.00000000E+00
4	-2.91666667E+00	-5.00000000E+00	0.00000000E+00
5	-2.50000000E+00	-5.00000000E+00	0.00000000E+00
6	-2.08333333E+00	-5.00000000E+00	0.00000000E+00
7	-1.25000000E+00	-5.00000000E+00	0.00000000E+00
8	-4.16666667E-01	-5.00000000E+00	0.00000000E+00
9	0.00000000E+00	-5.00000000E+00	0.00000000E+00
10	4.16666667E-01	-5.00000000E+00	0.00000000E+00
11	1.25000000E+00	-5.00000000E+00	0.00000000E+00
12	2.08333333E+00	-5.00000000E+00	0.00000000E+00
13	2.50000000E+00	-5.00000000E+00	0.00000000E+00
14	2.91666667E+00	-5.00000000E+00	0.00000000E+00
15	3.75000000E+00	-5.00000000E+00	0.00000000E+00
16	4.58333333E+00	-5.00000000E+00	0.00000000E+00
17	5.00000000E+00	-5.00000000E+00	0.00000000E+00
18	-5.00000000E+00	-4.58333333E+00	0.00000000E+00
19	-4.58333333E+00	-4.58333333E+00	0.00000000E+00
20	-3.75000000E+00	-4.58333333E+00	0.00000000E+00
21	-2.91666667E+00	-4.58333333E+00	0.00000000E+00
22	-2.50000000E+00	-4.58333333E+00	0.00000000E+00
23	-2.08333333E+00	-4.58333333E+00	0.00000000E+00
24	-1.25000000E+00	-4.58333333E+00	0.00000000E+00
25	-4.16666667E-01	-4.58333333E+00	0.00000000E+00
26	0.00000000E+00	-4.58333333E+00	0.00000000E+00
27	4.16666667E-01	-4.58333333E+00	0.00000000E+00
28	1.25000000E+00	-4.58333333E+00	0.00000000E+00
29	2.08333333E+00	-4.58333333E+00	0.00000000E+00
30	2.50000000E+00	-4.58333333E+00	0.00000000E+00
31	2.91666667E+00	-4.58333333E+00	0.00000000E+00
32	3.75000000E+00	-4.58333333E+00	0.00000000E+00
33	4.58333333E+00	-4.58333333E+00	0.00000000E+00
34	5.00000000E+00	-4.58333333E+00	0.00000000E+00
35	-5.00000000E+00	-3.75000000E+00	0.00000000E+00
36	-4.58333333E+00	-3.75000000E+00	0.00000000E+00
37	-3.75000000E+00	-3.75000000E+00	0.00000000E+00
38	-2.91666667E+00	-3.75000000E+00	0.00000000E+00
39	-2.50000000E+00	-3.75000000E+00	0.00000000E+00
40	-2.08333333E+00	-3.75000000E+00	0.00000000E+00
41	-1.25000000E+00	-3.75000000E+00	0.00000000E+00
42	-4.16666667E-01	-3.75000000E+00	0.00000000E+00
43	0.00000000E+00	-3.75000000E+00	0.00000000E+00
44	4.16666667E-01	-3.75000000E+00	0.00000000E+00
45	1.25000000E+00	-3.75000000E+00	0.00000000E+00
46	2.08333333E+00	-3.75000000E+00	0.00000000E+00
47	2.50000000E+00	-3.75000000E+00	0.00000000E+00
48	2.91666667E+00	-3.75000000E+00	0.00000000E+00
49	3.75000000E+00	-3.75000000E+00	0.00000000E+00
50	4.58333333E+00	-3.75000000E+00	0.00000000E+00
51	5.00000000E+00	-3.75000000E+00	0.00000000E+00
52	-5.00000000E+00	-2.91666667E+00	0.00000000E+00
53	-4.58333333E+00	-2.91666667E+00	0.00000000E+00
54	-3.75000000E+00	-2.91666667E+00	0.00000000E+00
55	-2.91666667E+00	-2.91666667E+00	0.00000000E+00
56	-2.50000000E+00	-2.91666667E+00	0.00000000E+00
57	-2.08333333E+00	-2.91666667E+00	0.00000000E+00
58	-1.25000000E+00	-2.91666667E+00	0.00000000E+00
59	-4.16666667E-01	-2.91666667E+00	0.00000000E+00
60	0.00000000E+00	-2.91666667E+00	0.00000000E+00
61	4.16666667E-01	-2.91666667E+00	0.00000000E+00
62	1.25000000E+00	-2.91666667E+00	0.00000000E+00
63	2.08333333E+00	-2.91666667E+00	0.00000000E+00
64	2.50000000E+00	-2.91666667E+00	0.00000000E+00
65	2.91666667E+00	-2.91666667E+00	0.00000000E+00
66	3.75000000E+00	-2.91666667E+00	0.00000000E+00
67	4.58333333E+00	-2.91666667E+00	0.00000000E+00
68	5.00000000E+00	-2.91666667E+00	0.00000000E+00
69	-5.00000000E+00	-2.50000000E+00	0.00000000E+00
70	-4.58333333E+00	-2.50000000E+00	0.00000000E+00
71	-3.75000000E+00	-2.50000000E+00	0.00000000E+00
72	-2.91666667E+00	-2.50000000E+00	0.00000000E+00
73	-2.50000000E+00	-2.50000000E+00	0.00000000E+00
74	-2.08333333E+00	-2.50000000E+00	0.00000000E+00
75	-1.25000000E+00	-2.50000000E+00	0.00000000E+00
76	-4.16666667E-01	-2.50000000E+00	0.00000000E+00
77	0.00000000E+00	-2.50000000E+00	0.00000000E+00
78	4.16666667E-01	-2.50000000E+00	0.00000000E+00
79	1.25000000E+00	-2.50000000E+00	0.00000000E+00
80	2.08333333E+00	-2.50000000E+00	0.00000000E+00
81	2.50000000E+00	-2.50000000E+00	0.00000000E+00
82	2.91666667E+00	-2.50000000E+00	0.00000000E+00
83	3.75000000E+00	-2.50000000E+00	0.00000000E+00
84	4.58333333E+00	-2.50000000E+00	0.00000000E+00
85	5.00000000E+00	-2.50000000E+00	0.00000000E+00
86	-5.00000000E+00	-2.08333333E+00	0.00000000E+00
87	-4.58333333E+00	-2.08333333E+00	0.00000000E+00
88	-3.75000000E+00	-2.08333333E+00	0.00000000E+00
89	-2.91666667E+00	-2.08333333E+00	0.00000000E+00
90	-2.50000000E+00	-2.08333333E+00	0.00000000E+00
91	-2.08333333E+00	-2.08333333E+00	0.00000000E+00
92	-1.25000000E+00	-2.08333333E+00	0.00000000E+00
93	-4.16666667E-01	-2.08333333E+00	0.00000000E+00
94	0.00000000E+00	-2.08333333E+00	0.00000000E+00
95	4.16666667E-01	-2.08333333E+00	0.00000000E+00
96	1.25000000E+00	-2.08333333E+00	0.00000000E+00
97	2.08333333E+00	-2.08333333E+00	0.00000000E+00
98	2.50000000E+00	-2.08333333E+00	0.00000000E+00
99	2.91666667E+00	-2.08333333E+00	0.00000000E+00
100	3.75000000E+00	-2.08333333E+00	0.00000000E+00
101	4.58333333E+00	-2.08333333E+00	0.00000000E+00
102	5.00000000E+00	-2.08333333E+00	0.00000000E+00
103	-5.00000000E+00	-1.25000000E+00	0.00000000E+00
104	-4.58333333E+00	-1.25000000E+00	0.00000000E+00
105	-3.75000000E+00	-1.25000000E+00	0.00000000E+00
106	-2.91666667E+00	-1.25000000E+00	0.00000000E+00
107	-2.50000000E+00	-1.25000000E+00	0.00000000E+00
108	-2.08333333E+00	-1.25000000E+00	0.00000000E+00
109	-1.25000000E+00	-1.25000000E+00	0.00000000E+00
110	-4.16666667E-01	-1.25000000E+00	0.00000000E+00
111	0.00000000E+00	-1.25000000E+00	0.00000000E+00
112	4.16666667E-01	-1.25000000E+00	0.00000000E+00
113	1.25000000E+00	-1.25000000E+00	0.00000000E+00
114	2.08333333E+00	-1.25000000E+00	0.00000000E+00
115	2.50000000E+00	-1.25000000E+00	0.00000000E+00
116	2.91666667E+00	-1.25000000E+00	0.00000000E+00
117	3.75000000E+00	-1.25000000E+00	0.00000000E+00
118	4.58333333E+00	-1.25000000E+00	0.00000000E+00
119	5.00000000E+00	-1.25000000E+00	0.00000000E+00
120	-5.00000000E+00	-4.16666667E-01	0.00000000E+00
121	-4.58333333E+00	-4.16666667E-01	0.00000000E+00
122	-3.75000000E+00	-4.16666667E-01	0.00000000E+00
123	-2.91666667E+00	-4.16666667E-01	0.00000000E+00
124	-2.50000000E+00	-4.16666667E-01	0.00000000E+00
125	-2.08333333E+00	-4.16666667E-01	0.00000000E+00
126	-1.25000000E+00	-4.16666667E-01	0.00000000E+00
127	-4.16666667E-01	-4.16666667E-01	0.00000000E+00
128	0.00000000E+00	-4.16666667E-01	0.00000000E+00
129	4.16666667E-01	-4.16666667E-01	0.00000000E+00
130	1.25000000E+00	-4.16666667E-01	0.00000000E+00
131	2.08333333E+00	-4.16666667E-01	0.00000000E+00
132	2.50000000E+00	-4.16666667E-01	0.00000000E+00
133	2.91666667E+00	-4.16666667E-01	0.00000000E+00
134	3.75000000E+00	-4.16666667E-01	0.00000000E+00
135	4.58333333E+00	-4.16666667E-01	0.00000000E+00
136	5.00000000E+00	-4.16666667E-01	0.00000000E+00
137	-5.00000000E+00	0.00000000E+00	0.00000000E+00
138	-4.58333333E+00	0.00000000E+00	0.00000000E+00
139	-3.75000000E+00	0.00000000E+00	0.00000000E+00
140	-2.91666667E+00	0.00000000E+00	0.00000000E+00
141	-2.50000000E+00	0.00000000E+00	0.00000000E+00
142	-2.08333333E+00	0.00000000E+00	0.00000000E+00
143	-1.25000000E+00	0.00000000E+00	0.00000000E+00
144	-4.16666667E-01	0.00000000E+00	0.00000000E+00
145	0.00000000E+00	0.00000000E+00	0.00000000E+00
146	4.16666667E-01	0.00000000E+00	0.00000000E+00
147	1.25000000E+00	0.00000000E+00	0.00000000E+00
148	2.08333333E+00	0.00000000E+00	0.00000000E+00
149	2.50000000E+00	0.00000000E+00	0.00000000E+00
150	2.91666667E+00	0.00000000E+00	0.00000000E+00
151	3.75000000E+00	0.00000000E+00	0.00000000E+00
152	4.58333333E+00	0.00000000E+00	0.00000000E+00
153	5.00000000E+00	0.00000000E+00	0.00000000E+00
154	-5.00000000E+00	4.16666667E-01	0.00000000E+00
155	-4.58333333E+00	4.16666667E-01	0.00000000E+00
156	-3.75000000E+00	4.16666667E-01	0.00000000E+00
157	-2.91666667E+00	4.16666667E-01	0.00000000E+00
158	-2.50000000E+00	4.16666667E-01	0.00000000E+00
159	-2.08333333E+00	4.16666667E-01	0.00000000E+00
160	-1.25000000E+00	4.16666667E-01	0.00000000E+00
161	-4.16666667E-01	4.16666667E-01	0.00000000E+00
162	0.00000000E+00	4.16666667E-01	0.00000000E+00
163	4.16666667E-01	4.16666667E-01	0.00000000E+00
164	1.25000000E+00	4.16666667E-01	0.00000000E+00
165	2.08333333E+00	4.16666667E-01	0.00000000E+00
166	2.50000000E+00	4.16666667E-01	0.00000000E+00
167	2.91666667E+00	4.16666667E-01	0.00000000E+00
168	3.75000000E+00	4.16666667E-01	0.00000000E+00
169	4.58333333E+00	4.16666667E-01	0.00000000E+00
170	5.00000000E+00	4.16666667E-01	0.00000000E+00
171	-5.00000000E+00	1.25000000E+00	0.00000000E+00
172	-4.58333333E+00	1.25000000E+00	0.00000000E+00
173	-3.75000000E+00	1.25000000E+00	0.00000000E+00
174	-2.91666667E+00	1.25000000E+00	0.00000000E+00
175	-2.50000000E+00	1.25000000E+00	0.00000000E+00
176	-2.08333333E+00	1.25000000E+00	0.00000000E+00
177	-1.25000000E+00	1.25000000E+00	0.00000000E+00
178	-4.16666667E-01	1.25000000E+00	0.00000000E+00
179	0.00000000E+00	1.25000000E+00	0.00000000E+00
180	4.16666667E-01	1.25000000E+00	0.00000000E+00
181	1.25000000E+00	1.25000000E+00	0.00000000E+00
182	2.08333333E+00	1.25000000E+00	0.00000000E+00
183	2.50000000E+00	1.25000000E+00	0.00000000E+00
184	2.91666667E+00	1.25000000E+00	0.00000000E+00
185	3.75000000E+00	1.25000000E+00	0.00000000E+00
186	4.58333333E+00	1.25000000E+00	0.00000000E+00
187	5.00000000E+00	1.25000000E+00	0.00000000E+00
188	-5.00000000E+00	2.08333333E+00	0.00000000E+00
189	-4.58333333E+00	2.08333333E+00	0.00000000E+00
190	-3.75000000E+00	2.08333333E+00	0.00000000E+00
191	-2.91666667E+00	2.08333333E+00	0.00000000E+00
192	-2.50000000E+00	2.08333333E+00	0.00000000E+00
193	-2.08333333E+00	2.08333333E+00	0.00000000E+00
194	-1.25000000E+00	2.08333333E+00	0.00000000E+00
195	-4.16666667E-01	2.08333333E+00	0.00000000E+00
196	0.00000000E+00	2.08333333E+00	0.00000000E+00
197	4.16666667E-01	2.08333333E+00	0.00000000E+00
198	1.25000000E+00	2.08333333E+00	0.00000000E+00
199	2.08333333E+00	2.08333333E+00	0.00000000E+00
200	2.50000000E+00	2.08333333E+00	0.00000000E+00
201	2.91666667E+00	2.08333333E+00	0.00000000E+00
202	3.75000000E+00	2.08333333E+00	0.00000000E+00
203	4.58333333E+00	2.08333333E+00	0.00000000E+00
204	5.00000000E+00	2.08333333E+00	0.00000000E+00
205	-5.00000000E+00	2.50000000E+00	0.00000000E+00
206	-4.58333333E+00	2.50000000E+00	0.00000000E+00
207	-3.75000000E+00	2.50000000E+00	0.00000000E+00
208	-2.91666667E+00	2.50000000E+00	0.00000000E+00
209	-2.50000000E+00	2.50000000E+00	0.00000000E+00
210	-2.08333333E+00	2.50000000E+00	0.00000000E+00
211	-1.25000000E+00	2.50000000E+00	0.00000000E+00
212	-4.16666667E-01	2.50000000E+00	0.00000000E+00
213	0.00000000E+00	2.50000000E+00	0.00000000E+00
214	4.16666667E-01	2.50000000E+00	0.00000000E+00
215	1.25000000E+00	2.50000000E+00	0.00000000E+00
216	2.08333333E+00	2.50000000E+00	0.00000000E+00
217	2.50000000E+00	2.50000000E+00	0.00000000E+00
218	2.91666667E+00	2.50000000E+00	0.00000000E+00
219	3.75000000E+00	2.50000000E+00	0.00000000E+00
220	4.58333333E+00	2.50000000E+00	0.00000000E+00
221	5.00000000E+00	2.50000000E+00	0.00000000E+00
222	-5.00000000E+00	2.91666667E+00	0.00000000E+00
223	-4.58333333E+00	2.91666667E+00	0.00000000E+00
224	-3.75000000E+00	2.91666667E+00	0.00000000E+00
225	-2.91666667E+00	2.91666667E+00	0.00000000E+00
226	-2.50000000E+00	2.91666667E+00	0.00000000E+00
227	-2.08333333E+00	2.91666667E+00	0.00000000E+00
228	-1.25000000E+00	2.91666667E+00	0.00000000E+00
229	-4.16666667E-01	2.91666667E+00	0.00000000E+00
230	0.00000000E+00	2.91666667E+00	0.00000000E+00
231	4.16666667E-01	2.91666667E+00	0.00000000E+00
232	1.25000000E+00	2.91666667E+00	0.00000000E+00
233	2.08333333E+00	2.91666667E+00	0.00000000E+00
234	2.50000000E+00	2.91666667E+00	0.00000000E+00
235	2.91666667E+00	2.91666667E+00	0.00000000E+00
236	3.75000000E+00	2.91666667E+00	0.00000000E+00
237	4.58333333E+00	2.91666667E+00	0.00000000E+00
238	5.00000000E+00	2.91666667E+00	0.00000000E+00
239	-5.00000000E+00	3.75000000E+00	0.00000000E+00
240	-4.58333333E+00	3.75000000E+00	0.00000000E+00
241	-3.75000000E+00	3.75000000E+00	0.00000000E+00
242	-2.91666667E+00	3.75000000E+00	0.00000000E+00
243	-2.50000000E+00	3.75000000E+00	0.00000000E+00
244	-2.08333333E+00	3.75000000E+00	0.00000000E+00
245	-1.25000000E+00	3.75000000E+00	0.00000000E+00
246	-4.16666667E-01	3.75000000E+00	0.00000000E+00
247	0.00000000E+00	3.75000000E+00	0.00000000E+00
248	4.16666667E-01	3.75000000E+00	0.00000000E+00
249	1.25000000E+00	3.75000000E+00	0.00000000E+00
250	2.08333333E+00	3.75000000E+00	0.00000000E+00
251	2.50000000E+00	3.75000000E+00	0.00000000E+00
252	2.91666667E+00	3.75000000E+00	0.00000000E+00
253	3.75000000E+00	3.75000000E+00	0.00000000E+00
254	4.58333333E+00	3.75000000E+00	0.00000000E+00
255	5.00000000E+00	3.75000000E+00	0.00000000E+00
256	-5.00000000E+00	4.58333333E+00	0.00000000E+00
257	-4.58333333E+00	4.58333333E+00	0.00000000E+00
258	-3.75000000E+00	4.58333333E+00	0.00000000E+00
259	-2.91666667E+00	4.58333333E+00	0.00000000E+00
260	-2.50000000E+00	4.58333333E+00	0.00000000E+00
261	-2.08333333E+00	4.58333333E+00	0.00000000E+00
262	-1.25000000E+00	4.58333333E+00	0.00000000E+00
263	-4.16666667E-01	4.58333333E+00	0.00000000E+00
264	0.00000000E+00	4.58333333E+00	0.00000000E+00
265	4.16666667E-01	4.58333333E+00	0.00000000E+00
266	1.25000000E+00	4.58333333E+00	0.00000000E+00
267	2.08333333E+00	4.58333333E+00	0.00000000E+00
268	2.50000000E+00	4.58333333E+00	0.00000000E+00
269	2.91666667E+00	4.58333333E+00	0.00000000E+00
270	3.75000000E+00	4.58333333E+00	0.00000000E+00
271	4.58333333E+00	4.58333333E+00	0.00000000E+00
272	5.00000000E+00	4.58333333E+00	0.00000000E+00
273	-5.00000000E+00	5.00000000E+00	0.00000000E+00
274	-4.58333333E+00	5.00000000E+00	0.00000000E+00
275	-3.75000000E+00	5.00000000E+00	0.00000000E+00
276	-2.91666667E+00	5.00000000E+00	0.00000000E+00
277	-2.50000000E+00	5.00000000E+00	0.00000000E+00
278	-2.08333333E+00	5.00000000E+00	0.00000000E+00
279	-1.25000000E+00	5.00000000E+00	0.00000000E+00
280	-4.16666667E-01	5.00000000E+00	0.00000000E+00
281	0.00000000E+00	5.00000000E+00	0.00000000E+00
282	4.16666667E-01	5.00000000E+00	0.00000000E+00
283	1.25000000E+00	5.00000000E+00	0.00000000E+00
284	2.08333333E+00	5.00000000E+00	0.00000000E+00
285	2.50000000E+00	5.00000000E+00	0.00000000E+00
286	2.91666667E+00	5.00000000E+00	0.00000000E+00
287	3.75000000E+00	5.00000000E+00	0.00000000E+00
288	4.58333333E+00	5.00000000E+00	0.00000000E+00
289	5.00000000E+00	5.00000000E+00	0.00000000E+00


%CONTROL.POINT.WEIGHT
289
1        +1.0000000000000000e+000
2        +1.0000000000000000e+000
3        +1.0000000000000000e+000
4        +1.0000000000000000e+000
5        +1.0000000000000000e+000
6        +1.0000000000000000e+000
7        +1.0000000000000000e+000
8        +1.0000000000000000e+000
9        +1.0000000000000000e+000
10       +1.0000000000000000e+000
11       +1.0000000000000000e+000
12       +1.0000000000000000e+000
13       +1.0000000000000000e+000
14       +1.0000000000000000e+000
15       +1.0000000000000000e+000
16       +1.0000000000000000e+000
17       +1.0000000000000000e+000
18       +1.0000000000000000e+000
19       +1.0000000000000000e+000
20       +1.0000000000000000e+000
21       +1.0000000000000000e+000
22       +1.0000000000000000e+000
23       +1.0000000000000000e+000
24       +1.0000000000000000e+000
25       +1.0000000000000000e+000
26       +1.0000000000000000e+000
27       +1.0000000000000000e+000
28       +1.0000000000000000e+000
29       +1.0000000000000000e+000
30       +1.0000000000000000e+000
31       +1.0000000000000000e+000
32       +1.0000000000000000e+000
33       +1.0000000000000000e+000
34       +1.0000000000000000e+000
35       +1.0000000000000000e+000
36       +1.0000000000000000e+000
37       +1.0000000000000000e+000
38       +1.0000000000000000e+000
39       +1.0000000000000000e+000
40       +1.0000000000000000e+000
41       +1.0000000000000000e+000
42       +1.0000000000000000e+000
43       +1.0000000000000000e+000
44       +1.0000000000000000e+000
45       +1.0000000000000000e+000
46       +1.0000000000000000e+000
47       +1.0000000000000000e+000
48       +1.0000000000000000e+000
49       +1.0000000000000000e+000
50       +1.0000000000000000e+000
51       +1.0000000000000000e+000
52       +1.0000000000000000e+000
53       +1.0000000000000000e+000
54       +1.0000000000000000e+000
55       +1.0000000000000000e+000
56       +1.0000000000000000e+000
57       +1.0000000000000000e+000
58       +1.0000000000000000e+000
59       +1.0000000000000000e+000
60       +1.0000000000000000e+000
61       +1.0000000000000000e+000
62       +1.0000000000000000e+000
63       +1.0000000000000000e+000
64       +1.0000000000000000e+000
65       +1.0000000000000000e+000
66       +1.0000000000000000e+000
67       +1.0000000000000000e+000
68       +1.0000000000000000e+000
69       +1.0000000000000000e+000
70       +1.0000000000000000e+000
71       +1.0000000000000000e+000
72       +1.0000000000000000e+000
73       +1.0000000000000000e+000
74       +1.0000000000000000e+000
75       +1.0000000000000000e+000
76       +1.0000000000000000e+000
77       +1.0000000000000000e+000
78       +1.0000000000000000e+000
79       +1.0000000000000000e+000
80       +1.0000000000000000e+000
81       +1.0000000000000000e+000
82       +1.0000000000000000e+000
83       +1.0000000000000000e+000
84       +1.0000000000000000e+000
85       +1.0000000000000000e+000
86       +1.0000000000000000e+000
87       +1.0000000000000000e+000
88       +1.0000000000000000e+000
89       +1.0000000000000000e+000
90       +1.0000000000000000e+000
91       +1.0000000000000000e+000
92       +1.0000000000000000e+000
93       +1.0000000000000000e+000
94       +1.0000000000000000e+000
95       +1.0000000000000000e+000
96       +1.0000000000000000e+000
97       +1.0000000000000000e+000
98       +1.0000000000000000e+000
99       +1.0000000000000000e+000
100      +1.0000000000000000e+000
101      +1.0000000000000000e+000
102      +1.0000000000000000e+000
103      +1.0000000000000000e+000
104      +1.0000000000000000e+000
105      +1.0000000000000000e+000
106      +1.0000000000000000e+000
107      +1.0000000000000000e+000
108      +1.0000000000000000e+000
109      +1.0000000000000000e+000
110      +1.0000000000000000e+000
111      +1.0000000000000000e+000
112      +1.0000000000000000e+000
113      +1.0000000000000000e+000
114      +1.0000000000000000e+000
115      +1.0000000000000000e+000
116      +1.0000000000000000e+000
117      +1.0000000000000000e+000
118      +1.0000000000000000e+000
119      +1.0000000000000000e+000
120      +1.0000000000000000e+000
121      +1.0000000000000000e+000
122      +1.0000000000000000e+000
123      +1.0000000000000000e+000
124      +1.0000000000000000e+000
125      +1.0000000000000000e+000
126      +1.0000000000000000e+000
127      +1.0000000000000000e+000
128      +1.0000000000000000e+000
129      +1.0000000000000000e+000
130      +1.0000000000000000e+000
131      +1.0000000000000000e+000
132      +1.0000000000000000e+000
133      +1.0000000000000000e+000
134      +1.0000000000000000e+000
135      +1.0000000000000000e+000
136      +1.0000000000000000e+000
137      +1.0000000000000000e+000
138      +1.0000000000000000e+000
139      +1.0000000000000000e+000
140      +1.0000000000000000e+000
141      +1.0000000000000000e+000
142      +1.0000000000000000e+000
143      +1.0000000000000000e+000
144      +1.0000000000000000e+000
145      +1.0000000000000000e+000
146      +1.0000000000000000e+000
147      +1.0000000000000000e+000
148      +1.0000000000000000e+000
149      +1.0000000000000000e+000
150      +1.0000000000000000e+000
151      +1.0000000000000000e+000
152      +1.0000000000000000e+000
153      +1.0000000000000000e+000
154      +1.0000000000000000e+000
155      +1.0000000000000000e+000
156      +1.0000000000000000e+000
157      +1.0000000000000000e+000
158      +1.0000000000000000e+000
159      +1.0000000000000000e+000
160      +1.0000000000000000e+000
161      +1.0000000000000000e+000
162      +1.0000000000000000e+000
163      +1.0000000000000000e+000
164      +1.0000000000000000e+000
165      +1.0000000000000000e+000
166      +1.0000000000000000e+000
167      +1.0000000000000000e+000
168      +1.0000000000000000e+000
169      +1.0000000000000000e+000
170      +1.0000000000000000e+000
171      +1.0000000000000000e+000
172      +1.0000000000000000e+000
173      +1.0000000000000000e+000
174      +1.0000000000000000e+000
175      +1.0000000000000000e+000
176      +1.0000000000000000e+000
177      +1.0000000000000000e+000
178      +1.0000000000000000e+000
179      +1.0000000000000000e+000
180      +1.0000000000000000e+000
181      +1.0000000000000000e+000
182      +1.0000000000000000e+000
183      +1.0000000000000000e+000
184      +1.0000000000000000e+000
185      +1.0000000000000000e+000
186      +1.0000000000000000e+000
187      +1.0000000000000000e+000
188      +1.0000000000000000e+000
189      +1.0000000000000000e+000
190      +1.0000000000000000e+000
191      +1.0000000000000000e+000
192      +1.0000000000000000e+000
193      +1.0000000000000000e+000
194      +1.0000000000000000e+000
195      +1.0000000000000000e+000
196      +1.0000000000000000e+000
197      +1.0000000000000000e+000
198      +1.0000000000000000e+000
199      +1.0000000000000000e+000
200      +1.0000000000000000e+000
201      +1.0000000000000000e+000
202      +1.0000000000000000e+000
203      +1.0000000000000000e+000
204      +1.0000000000000000e+000
205      +1.0000000000000000e+000
206      +1.0000000000000000e+000
207      +1.0000000000000000e+000
208      +1.0000000000000000e+000
209      +1.0000000000000000e+000
210      +1.0000000000000000e+000
211      +1.0000000000000000e+000
212      +1.0000000000000000e+000
213      +1.0000000000000000e+000
214      +1.0000000000000000e+000
215      +1.0000000000000000e+000
216      +1.0000000000000000e+000
217      +1.0000000000000000e+000
218      +1.0000000000000000e+000
219      +1.0000000000000000e+000
220      +1.0000000000000000e+000
221      +1.0000000000000000e+000
222      +1.0000000000000000e+000
223      +1.0000000000000000e+000
224      +1.0000000000000000e+000
225      +1.0000000000000000e+000
226      +1.0000000000000000e+000
227      +1.0000000000000000e+000
228      +1.0000000000000000e+000
229      +1.0000000000000000e+000
230      +1.0000000000000000e+000
231      +1.0000000000000000e+000
232      +1.0000000000000000e+000
233      +1.0000000000000000e+000
234      +1.0000000000000000e+000
235      +1.0000000000000000e+000
236      +1.0000000000000000e+000
237      +1.0000000000000000e+000
238      +1.0000000000000000e+000
239      +1.0000000000000000e+000
240      +1.0000000000000000e+000
241      +1.0000000000000000e+000
242      +1.0000000000000000e+000
243      +1.0000000000000000e+000
244      +1.0000000000000000e+000
245      +1.0000000000000000e+000
246      +1.0000000000000000e+000
247      +1.0000000000000000e+000
248      +1.0000000000000000e+000
249      +1.0000000000000000e+000
250      +1.0000000000000000e+000
251      +1.0000000000000000e+000
252      +1.0000000000000000e+000
253      +1.0000000000000000e+000
254      +1.0000000000000000e+000
255      +1.0000000000000000e+000
256      +1.0000000000000000e+000
257      +1.0000000000000000e+000
258      +1.0000000000000000e+000
259      +1.0000000000000000e+000
260      +1.0000000000000000e+000
261      +1.0000000000000000e+000
262      +1.0000000000000000e+000
263      +1.0000000000000000e+000
264      +1.0000000000000000e+000
265      +1.0000000000000000e+000
266      +1.0000000000000000e+000
267      +1.0000000000000000e+000
268      +1.0000000000000000e+000
269      +1.0000000000000000e+000
270      +1.0000000000000000e+000
271      +1.0000000000000000e+000
272      +1.0000000000000000e+000
273      +1.0000000000000000e+000
274      +1.0000000000000000e+000
275      +1.0000000000000000e+000
276      +1.0000000000000000e+000
277      +1.0000000000000000e+000
278      +1.0000000000000000e+000
279      +1.0000000000000000e+000
280      +1.0000000000000000e+000
281      +1.0000000000000000e+000
282      +1.0000000000000000e+000
283      +1.0000000000000000e+000
284      +1.0000000000000000e+000
285      +1.0000000000000000e+000
286      +1.0000000000000000e+000
287      +1.0000000000000000e+000
288      +1.0000000000000000e+000
289      +1.0000000000000000e+000

%NODE.SUPPORT
64
1         1 1 1 1 1 0
2         0 0 1 0 1 0
3         0 0 1 0 1 0
4         0 0 1 0 1 0
5         0 0 1 0 1 0
6         0 0 1 0 1 0
7         0 0 1 0 1 0
8         0 0 1 0 1 0
9         0 0 1 0 1 0
10        0 0 1 0 1 0
11        0 0 1 0 1 0
12        0 0 1 0 1 0
13        0 0 1 0 1 0
14        0 0 1 0 1 0
15        0 0 1 0 1 0
16        0 0 1 0 1 0
17        0 0 1 1 1 0
18        0 0 1 1 0 0
34        0 0 1 1 0 0
35        0 0 1 1 0 0
51        0 0 1 1 0 0
52        0 0 1 1 0 0
68        0 0 1 1 0 0
69        0 0 1 1 0 0
85        0 0 1 1 0 0
86        0 0 1 1 0 0
102       0 0 1 1 0 0
103       0 0 1 1 0 0
119       0 0 1 1 0 0
120       0 0 1 1 0 0
136       0 0 1 1 0 0
137       0 0 1 1 0 0
153       0 0 1 1 0 0
154       0 0 1 1 0 0
170       0 0 1 1 0 0
171       0 0 1 1 0 0
187       0 0 1 1 0 0
188       0 0 1 1 0 0
204       0 0 1 1 0 0
205       0 0 1 1 0 0
221       0 0 1 1 0 0
222       0 0 1 1 0 0
238       0 0 1 1 0 0
239       0 0 1 1 0 0
255       0 0 1 1 0 0
256       0 0 1 1 0 0
272       0 0 1 1 0 0
273       1 0 1 1 1 0
274       0 0 1 0 1 0
275       0 0 1 0 1 0
276       0 0 1 0 1 0
277       0 0 1 0 1 0
278       0 0 1 0 1 0
279       0 0 1 0 1 0
280       0 0 1 0 1 0
281       0 0 1 0 1 0
282       0 0 1 0 1 0
283       0 0 1 0 1 0
284       0 0 1 0 1 0
285       0 0 1 0 1 0
286       0 0 1 0 1 0
287       0 0 1 0 1 0
288       0 0 1 0 1 0
289       0 0 1 1 1 0

%PATCH
1
1 'bspsurf' 1 3 'General'  9 0.0000000000000000 1.0000000000000000 2.0000000000000000 3.0000000000000000 4.0000000000000000 5.0000000000000000 6.0000000000000000 7.0000000000000000 8.0000000000000000 4 1 3 1 3 1 3 1 4 
3 'General'  9 0.0000000000000000 1.0000000000000000 2.0000000000000000 3.0000000000000000 4.0000000000000000 5.0000000000000000 6.0000000000000000 7.0000000000000000 8.0000000000000000 4 1 3 1 3 1 3 1 4 
1 2 3 4 5 6 7 8 9 10 11 12 13 14 15 16 17 18 19 20 21 22 23 24 25 26 27 28 29 30 31 32 33 34 35 36 37 38 39 40 41 42 43 44 45 46 47 48 49 50 51 52 53 54 55 56 57 58 59 60 61 62 63 64 65 66 67 68 69 70 71 72 73 74 75 76 77 78 79 80 81 82 83 84 85 86 87 88 89 90 91 92 93 94 95 96 97 98 99 100 101 102 103 104 105 106 107 108 109 110 111 112 113 114 115 116 117 118 119 120 121 122 123 124 125 126 127 128 129 130 131 132 133 134 135 136 137 138 139 140 141 142 143 144 145 146 147 148 149 150 151 152 153 154 155 156 157 158 159 160 161 162 163 164 165 166 167 168 169 170 171 172 173 174 175 176 177 178 179 180 181 182 183 184 185 186 187 188 189 190 191 192 193 194 195 196 197 198 199 200 201 202 203 204 205 206 207 208 209 210 211 212 213 214 215 216 217 218 219 220 221 222 223 224 225 226 227 228 229 230 231 232 233 234 235 236 237 238 239 240 241 242 243 244 245 246 247 248 249 250 251 252 253 254 255 256 257 258 259 260 261 262 263 264 265 266 267 268 269 270 271 272 273 274 275 276 277 278 279 280 281 282 283 284 285 286 287 288 289

%MATERIAL
1

%MATERIAL.FGM
1
1          201.04e9   0.3262  8166.0  348.43e9  0.24  2370.0   2 

%SECTION
1

