


%INTEGRATION.ORDER
1
1	3	3	1	3	3	1

%INTEGRATION.TYPE
1
1      'Gauss'

%INTEGRATION.LABEL
1
1      Quad

%ELEMENT
2048

%ELEMENT.SHALLOWSHELL.BSPLINE.SURFACE
2048
1           1 1 1 1    1   
2           1 1 1 2    1   
3           1 1 1 3    1   
4           1 1 1 4    1   
5           1 1 1 5    1   
6           1 1 1 6    1   
7           1 1 1 7    1   
8           1 1 1 8    1   
9           1 1 1 9    1   
10          1 1 1 10   1   
11          1 1 1 11   1   
12          1 1 1 12   1   
13          1 1 1 13   1   
14          1 1 1 14   1   
15          1 1 1 15   1   
16          1 1 1 16   1   
17          1 1 1 1    2   
18          1 1 1 2    2   
19          1 1 1 3    2   
20          1 1 1 4    2   
21          1 1 1 5    2   
22          1 1 1 6    2   
23          1 1 1 7    2   
24          1 1 1 8    2   
25          1 1 1 9    2   
26          1 1 1 10   2   
27          1 1 1 11   2   
28          1 1 1 12   2   
29          1 1 1 13   2   
30          1 1 1 14   2   
31          1 1 1 15   2   
32          1 1 1 16   2   
33          1 1 1 1    3   
34          1 1 1 2    3   
35          1 1 1 3    3   
36          1 1 1 4    3   
37          1 1 1 5    3   
38          1 1 1 6    3   
39          1 1 1 7    3   
40          1 1 1 8    3   
41          1 1 1 9    3   
42          1 1 1 10   3   
43          1 1 1 11   3   
44          1 1 1 12   3   
45          1 1 1 13   3   
46          1 1 1 14   3   
47          1 1 1 15   3   
48          1 1 1 16   3   
49          1 1 1 1    4   
50          1 1 1 2    4   
51          1 1 1 3    4   
52          1 1 1 4    4   
53          1 1 1 5    4   
54          1 1 1 6    4   
55          1 1 1 7    4   
56          1 1 1 8    4   
57          1 1 1 9    4   
58          1 1 1 10   4   
59          1 1 1 11   4   
60          1 1 1 12   4   
61          1 1 1 13   4   
62          1 1 1 14   4   
63          1 1 1 15   4   
64          1 1 1 16   4   
65          1 1 1 1    5   
66          1 1 1 2    5   
67          1 1 1 3    5   
68          1 1 1 4    5   
69          1 1 1 5    5   
70          1 1 1 6    5   
71          1 1 1 7    5   
72          1 1 1 8    5   
73          1 1 1 9    5   
74          1 1 1 10   5   
75          1 1 1 11   5   
76          1 1 1 12   5   
77          1 1 1 13   5   
78          1 1 1 14   5   
79          1 1 1 15   5   
80          1 1 1 16   5   
81          1 1 1 1    6   
82          1 1 1 2    6   
83          1 1 1 3    6   
84          1 1 1 4    6   
85          1 1 1 5    6   
86          1 1 1 6    6   
87          1 1 1 7    6   
88          1 1 1 8    6   
89          1 1 1 9    6   
90          1 1 1 10   6   
91          1 1 1 11   6   
92          1 1 1 12   6   
93          1 1 1 13   6   
94          1 1 1 14   6   
95          1 1 1 15   6   
96          1 1 1 16   6   
97          1 1 1 1    7   
98          1 1 1 2    7   
99          1 1 1 3    7   
100         1 1 1 4    7   
101         1 1 1 5    7   
102         1 1 1 6    7   
103         1 1 1 7    7   
104         1 1 1 8    7   
105         1 1 1 9    7   
106         1 1 1 10   7   
107         1 1 1 11   7   
108         1 1 1 12   7   
109         1 1 1 13   7   
110         1 1 1 14   7   
111         1 1 1 15   7   
112         1 1 1 16   7   
113         1 1 1 1    8   
114         1 1 1 2    8   
115         1 1 1 3    8   
116         1 1 1 4    8   
117         1 1 1 5    8   
118         1 1 1 6    8   
119         1 1 1 7    8   
120         1 1 1 8    8   
121         1 1 1 9    8   
122         1 1 1 10   8   
123         1 1 1 11   8   
124         1 1 1 12   8   
125         1 1 1 13   8   
126         1 1 1 14   8   
127         1 1 1 15   8   
128         1 1 1 16   8   
129         1 1 1 1    9   
130         1 1 1 2    9   
131         1 1 1 3    9   
132         1 1 1 4    9   
133         1 1 1 5    9   
134         1 1 1 6    9   
135         1 1 1 7    9   
136         1 1 1 8    9   
137         1 1 1 9    9   
138         1 1 1 10   9   
139         1 1 1 11   9   
140         1 1 1 12   9   
141         1 1 1 13   9   
142         1 1 1 14   9   
143         1 1 1 15   9   
144         1 1 1 16   9   
145         1 1 1 1    10  
146         1 1 1 2    10  
147         1 1 1 3    10  
148         1 1 1 4    10  
149         1 1 1 5    10  
150         1 1 1 6    10  
151         1 1 1 7    10  
152         1 1 1 8    10  
153         1 1 1 9    10  
154         1 1 1 10   10  
155         1 1 1 11   10  
156         1 1 1 12   10  
157         1 1 1 13   10  
158         1 1 1 14   10  
159         1 1 1 15   10  
160         1 1 1 16   10  
161         1 1 1 1    11  
162         1 1 1 2    11  
163         1 1 1 3    11  
164         1 1 1 4    11  
165         1 1 1 5    11  
166         1 1 1 6    11  
167         1 1 1 7    11  
168         1 1 1 8    11  
169         1 1 1 9    11  
170         1 1 1 10   11  
171         1 1 1 11   11  
172         1 1 1 12   11  
173         1 1 1 13   11  
174         1 1 1 14   11  
175         1 1 1 15   11  
176         1 1 1 16   11  
177         1 1 1 1    12  
178         1 1 1 2    12  
179         1 1 1 3    12  
180         1 1 1 4    12  
181         1 1 1 5    12  
182         1 1 1 6    12  
183         1 1 1 7    12  
184         1 1 1 8    12  
185         1 1 1 9    12  
186         1 1 1 10   12  
187         1 1 1 11   12  
188         1 1 1 12   12  
189         1 1 1 13   12  
190         1 1 1 14   12  
191         1 1 1 15   12  
192         1 1 1 16   12  
193         1 1 1 1    13  
194         1 1 1 2    13  
195         1 1 1 3    13  
196         1 1 1 4    13  
197         1 1 1 5    13  
198         1 1 1 6    13  
199         1 1 1 7    13  
200         1 1 1 8    13  
201         1 1 1 9    13  
202         1 1 1 10   13  
203         1 1 1 11   13  
204         1 1 1 12   13  
205         1 1 1 13   13  
206         1 1 1 14   13  
207         1 1 1 15   13  
208         1 1 1 16   13  
209         1 1 1 1    14  
210         1 1 1 2    14  
211         1 1 1 3    14  
212         1 1 1 4    14  
213         1 1 1 5    14  
214         1 1 1 6    14  
215         1 1 1 7    14  
216         1 1 1 8    14  
217         1 1 1 9    14  
218         1 1 1 10   14  
219         1 1 1 11   14  
220         1 1 1 12   14  
221         1 1 1 13   14  
222         1 1 1 14   14  
223         1 1 1 15   14  
224         1 1 1 16   14  
225         1 1 1 1    15  
226         1 1 1 2    15  
227         1 1 1 3    15  
228         1 1 1 4    15  
229         1 1 1 5    15  
230         1 1 1 6    15  
231         1 1 1 7    15  
232         1 1 1 8    15  
233         1 1 1 9    15  
234         1 1 1 10   15  
235         1 1 1 11   15  
236         1 1 1 12   15  
237         1 1 1 13   15  
238         1 1 1 14   15  
239         1 1 1 15   15  
240         1 1 1 16   15  
241         1 1 1 1    16  
242         1 1 1 2    16  
243         1 1 1 3    16  
244         1 1 1 4    16  
245         1 1 1 5    16  
246         1 1 1 6    16  
247         1 1 1 7    16  
248         1 1 1 8    16  
249         1 1 1 9    16  
250         1 1 1 10   16  
251         1 1 1 11   16  
252         1 1 1 12   16  
253         1 1 1 13   16  
254         1 1 1 14   16  
255         1 1 1 15   16  
256         1 1 1 16   16  
257         1 1 2 1    1   
258         1 1 2 2    1   
259         1 1 2 3    1   
260         1 1 2 4    1   
261         1 1 2 5    1   
262         1 1 2 6    1   
263         1 1 2 7    1   
264         1 1 2 8    1   
265         1 1 2 9    1   
266         1 1 2 10   1   
267         1 1 2 11   1   
268         1 1 2 12   1   
269         1 1 2 13   1   
270         1 1 2 14   1   
271         1 1 2 15   1   
272         1 1 2 16   1   
273         1 1 2 1    2   
274         1 1 2 2    2   
275         1 1 2 3    2   
276         1 1 2 4    2   
277         1 1 2 5    2   
278         1 1 2 6    2   
279         1 1 2 7    2   
280         1 1 2 8    2   
281         1 1 2 9    2   
282         1 1 2 10   2   
283         1 1 2 11   2   
284         1 1 2 12   2   
285         1 1 2 13   2   
286         1 1 2 14   2   
287         1 1 2 15   2   
288         1 1 2 16   2   
289         1 1 2 1    3   
290         1 1 2 2    3   
291         1 1 2 3    3   
292         1 1 2 4    3   
293         1 1 2 5    3   
294         1 1 2 6    3   
295         1 1 2 7    3   
296         1 1 2 8    3   
297         1 1 2 9    3   
298         1 1 2 10   3   
299         1 1 2 11   3   
300         1 1 2 12   3   
301         1 1 2 13   3   
302         1 1 2 14   3   
303         1 1 2 15   3   
304         1 1 2 16   3   
305         1 1 2 1    4   
306         1 1 2 2    4   
307         1 1 2 3    4   
308         1 1 2 4    4   
309         1 1 2 5    4   
310         1 1 2 6    4   
311         1 1 2 7    4   
312         1 1 2 8    4   
313         1 1 2 9    4   
314         1 1 2 10   4   
315         1 1 2 11   4   
316         1 1 2 12   4   
317         1 1 2 13   4   
318         1 1 2 14   4   
319         1 1 2 15   4   
320         1 1 2 16   4   
321         1 1 2 1    5   
322         1 1 2 2    5   
323         1 1 2 3    5   
324         1 1 2 4    5   
325         1 1 2 5    5   
326         1 1 2 6    5   
327         1 1 2 7    5   
328         1 1 2 8    5   
329         1 1 2 9    5   
330         1 1 2 10   5   
331         1 1 2 11   5   
332         1 1 2 12   5   
333         1 1 2 13   5   
334         1 1 2 14   5   
335         1 1 2 15   5   
336         1 1 2 16   5   
337         1 1 2 1    6   
338         1 1 2 2    6   
339         1 1 2 3    6   
340         1 1 2 4    6   
341         1 1 2 5    6   
342         1 1 2 6    6   
343         1 1 2 7    6   
344         1 1 2 8    6   
345         1 1 2 9    6   
346         1 1 2 10   6   
347         1 1 2 11   6   
348         1 1 2 12   6   
349         1 1 2 13   6   
350         1 1 2 14   6   
351         1 1 2 15   6   
352         1 1 2 16   6   
353         1 1 2 1    7   
354         1 1 2 2    7   
355         1 1 2 3    7   
356         1 1 2 4    7   
357         1 1 2 5    7   
358         1 1 2 6    7   
359         1 1 2 7    7   
360         1 1 2 8    7   
361         1 1 2 9    7   
362         1 1 2 10   7   
363         1 1 2 11   7   
364         1 1 2 12   7   
365         1 1 2 13   7   
366         1 1 2 14   7   
367         1 1 2 15   7   
368         1 1 2 16   7   
369         1 1 2 1    8   
370         1 1 2 2    8   
371         1 1 2 3    8   
372         1 1 2 4    8   
373         1 1 2 5    8   
374         1 1 2 6    8   
375         1 1 2 7    8   
376         1 1 2 8    8   
377         1 1 2 9    8   
378         1 1 2 10   8   
379         1 1 2 11   8   
380         1 1 2 12   8   
381         1 1 2 13   8   
382         1 1 2 14   8   
383         1 1 2 15   8   
384         1 1 2 16   8   
385         1 1 2 1    9   
386         1 1 2 2    9   
387         1 1 2 3    9   
388         1 1 2 4    9   
389         1 1 2 5    9   
390         1 1 2 6    9   
391         1 1 2 7    9   
392         1 1 2 8    9   
393         1 1 2 9    9   
394         1 1 2 10   9   
395         1 1 2 11   9   
396         1 1 2 12   9   
397         1 1 2 13   9   
398         1 1 2 14   9   
399         1 1 2 15   9   
400         1 1 2 16   9   
401         1 1 2 1    10  
402         1 1 2 2    10  
403         1 1 2 3    10  
404         1 1 2 4    10  
405         1 1 2 5    10  
406         1 1 2 6    10  
407         1 1 2 7    10  
408         1 1 2 8    10  
409         1 1 2 9    10  
410         1 1 2 10   10  
411         1 1 2 11   10  
412         1 1 2 12   10  
413         1 1 2 13   10  
414         1 1 2 14   10  
415         1 1 2 15   10  
416         1 1 2 16   10  
417         1 1 2 1    11  
418         1 1 2 2    11  
419         1 1 2 3    11  
420         1 1 2 4    11  
421         1 1 2 5    11  
422         1 1 2 6    11  
423         1 1 2 7    11  
424         1 1 2 8    11  
425         1 1 2 9    11  
426         1 1 2 10   11  
427         1 1 2 11   11  
428         1 1 2 12   11  
429         1 1 2 13   11  
430         1 1 2 14   11  
431         1 1 2 15   11  
432         1 1 2 16   11  
433         1 1 2 1    12  
434         1 1 2 2    12  
435         1 1 2 3    12  
436         1 1 2 4    12  
437         1 1 2 5    12  
438         1 1 2 6    12  
439         1 1 2 7    12  
440         1 1 2 8    12  
441         1 1 2 9    12  
442         1 1 2 10   12  
443         1 1 2 11   12  
444         1 1 2 12   12  
445         1 1 2 13   12  
446         1 1 2 14   12  
447         1 1 2 15   12  
448         1 1 2 16   12  
449         1 1 2 1    13  
450         1 1 2 2    13  
451         1 1 2 3    13  
452         1 1 2 4    13  
453         1 1 2 5    13  
454         1 1 2 6    13  
455         1 1 2 7    13  
456         1 1 2 8    13  
457         1 1 2 9    13  
458         1 1 2 10   13  
459         1 1 2 11   13  
460         1 1 2 12   13  
461         1 1 2 13   13  
462         1 1 2 14   13  
463         1 1 2 15   13  
464         1 1 2 16   13  
465         1 1 2 1    14  
466         1 1 2 2    14  
467         1 1 2 3    14  
468         1 1 2 4    14  
469         1 1 2 5    14  
470         1 1 2 6    14  
471         1 1 2 7    14  
472         1 1 2 8    14  
473         1 1 2 9    14  
474         1 1 2 10   14  
475         1 1 2 11   14  
476         1 1 2 12   14  
477         1 1 2 13   14  
478         1 1 2 14   14  
479         1 1 2 15   14  
480         1 1 2 16   14  
481         1 1 2 1    15  
482         1 1 2 2    15  
483         1 1 2 3    15  
484         1 1 2 4    15  
485         1 1 2 5    15  
486         1 1 2 6    15  
487         1 1 2 7    15  
488         1 1 2 8    15  
489         1 1 2 9    15  
490         1 1 2 10   15  
491         1 1 2 11   15  
492         1 1 2 12   15  
493         1 1 2 13   15  
494         1 1 2 14   15  
495         1 1 2 15   15  
496         1 1 2 16   15  
497         1 1 2 1    16  
498         1 1 2 2    16  
499         1 1 2 3    16  
500         1 1 2 4    16  
501         1 1 2 5    16  
502         1 1 2 6    16  
503         1 1 2 7    16  
504         1 1 2 8    16  
505         1 1 2 9    16  
506         1 1 2 10   16  
507         1 1 2 11   16  
508         1 1 2 12   16  
509         1 1 2 13   16  
510         1 1 2 14   16  
511         1 1 2 15   16  
512         1 1 2 16   16  
513         1 1 3 1    1   
514         1 1 3 2    1   
515         1 1 3 3    1   
516         1 1 3 4    1   
517         1 1 3 5    1   
518         1 1 3 6    1   
519         1 1 3 7    1   
520         1 1 3 8    1   
521         1 1 3 9    1   
522         1 1 3 10   1   
523         1 1 3 11   1   
524         1 1 3 12   1   
525         1 1 3 13   1   
526         1 1 3 14   1   
527         1 1 3 15   1   
528         1 1 3 16   1   
529         1 1 3 1    2   
530         1 1 3 2    2   
531         1 1 3 3    2   
532         1 1 3 4    2   
533         1 1 3 5    2   
534         1 1 3 6    2   
535         1 1 3 7    2   
536         1 1 3 8    2   
537         1 1 3 9    2   
538         1 1 3 10   2   
539         1 1 3 11   2   
540         1 1 3 12   2   
541         1 1 3 13   2   
542         1 1 3 14   2   
543         1 1 3 15   2   
544         1 1 3 16   2   
545         1 1 3 1    3   
546         1 1 3 2    3   
547         1 1 3 3    3   
548         1 1 3 4    3   
549         1 1 3 5    3   
550         1 1 3 6    3   
551         1 1 3 7    3   
552         1 1 3 8    3   
553         1 1 3 9    3   
554         1 1 3 10   3   
555         1 1 3 11   3   
556         1 1 3 12   3   
557         1 1 3 13   3   
558         1 1 3 14   3   
559         1 1 3 15   3   
560         1 1 3 16   3   
561         1 1 3 1    4   
562         1 1 3 2    4   
563         1 1 3 3    4   
564         1 1 3 4    4   
565         1 1 3 5    4   
566         1 1 3 6    4   
567         1 1 3 7    4   
568         1 1 3 8    4   
569         1 1 3 9    4   
570         1 1 3 10   4   
571         1 1 3 11   4   
572         1 1 3 12   4   
573         1 1 3 13   4   
574         1 1 3 14   4   
575         1 1 3 15   4   
576         1 1 3 16   4   
577         1 1 3 1    5   
578         1 1 3 2    5   
579         1 1 3 3    5   
580         1 1 3 4    5   
581         1 1 3 5    5   
582         1 1 3 6    5   
583         1 1 3 7    5   
584         1 1 3 8    5   
585         1 1 3 9    5   
586         1 1 3 10   5   
587         1 1 3 11   5   
588         1 1 3 12   5   
589         1 1 3 13   5   
590         1 1 3 14   5   
591         1 1 3 15   5   
592         1 1 3 16   5   
593         1 1 3 1    6   
594         1 1 3 2    6   
595         1 1 3 3    6   
596         1 1 3 4    6   
597         1 1 3 5    6   
598         1 1 3 6    6   
599         1 1 3 7    6   
600         1 1 3 8    6   
601         1 1 3 9    6   
602         1 1 3 10   6   
603         1 1 3 11   6   
604         1 1 3 12   6   
605         1 1 3 13   6   
606         1 1 3 14   6   
607         1 1 3 15   6   
608         1 1 3 16   6   
609         1 1 3 1    7   
610         1 1 3 2    7   
611         1 1 3 3    7   
612         1 1 3 4    7   
613         1 1 3 5    7   
614         1 1 3 6    7   
615         1 1 3 7    7   
616         1 1 3 8    7   
617         1 1 3 9    7   
618         1 1 3 10   7   
619         1 1 3 11   7   
620         1 1 3 12   7   
621         1 1 3 13   7   
622         1 1 3 14   7   
623         1 1 3 15   7   
624         1 1 3 16   7   
625         1 1 3 1    8   
626         1 1 3 2    8   
627         1 1 3 3    8   
628         1 1 3 4    8   
629         1 1 3 5    8   
630         1 1 3 6    8   
631         1 1 3 7    8   
632         1 1 3 8    8   
633         1 1 3 9    8   
634         1 1 3 10   8   
635         1 1 3 11   8   
636         1 1 3 12   8   
637         1 1 3 13   8   
638         1 1 3 14   8   
639         1 1 3 15   8   
640         1 1 3 16   8   
641         1 1 3 1    9   
642         1 1 3 2    9   
643         1 1 3 3    9   
644         1 1 3 4    9   
645         1 1 3 5    9   
646         1 1 3 6    9   
647         1 1 3 7    9   
648         1 1 3 8    9   
649         1 1 3 9    9   
650         1 1 3 10   9   
651         1 1 3 11   9   
652         1 1 3 12   9   
653         1 1 3 13   9   
654         1 1 3 14   9   
655         1 1 3 15   9   
656         1 1 3 16   9   
657         1 1 3 1    10  
658         1 1 3 2    10  
659         1 1 3 3    10  
660         1 1 3 4    10  
661         1 1 3 5    10  
662         1 1 3 6    10  
663         1 1 3 7    10  
664         1 1 3 8    10  
665         1 1 3 9    10  
666         1 1 3 10   10  
667         1 1 3 11   10  
668         1 1 3 12   10  
669         1 1 3 13   10  
670         1 1 3 14   10  
671         1 1 3 15   10  
672         1 1 3 16   10  
673         1 1 3 1    11  
674         1 1 3 2    11  
675         1 1 3 3    11  
676         1 1 3 4    11  
677         1 1 3 5    11  
678         1 1 3 6    11  
679         1 1 3 7    11  
680         1 1 3 8    11  
681         1 1 3 9    11  
682         1 1 3 10   11  
683         1 1 3 11   11  
684         1 1 3 12   11  
685         1 1 3 13   11  
686         1 1 3 14   11  
687         1 1 3 15   11  
688         1 1 3 16   11  
689         1 1 3 1    12  
690         1 1 3 2    12  
691         1 1 3 3    12  
692         1 1 3 4    12  
693         1 1 3 5    12  
694         1 1 3 6    12  
695         1 1 3 7    12  
696         1 1 3 8    12  
697         1 1 3 9    12  
698         1 1 3 10   12  
699         1 1 3 11   12  
700         1 1 3 12   12  
701         1 1 3 13   12  
702         1 1 3 14   12  
703         1 1 3 15   12  
704         1 1 3 16   12  
705         1 1 3 1    13  
706         1 1 3 2    13  
707         1 1 3 3    13  
708         1 1 3 4    13  
709         1 1 3 5    13  
710         1 1 3 6    13  
711         1 1 3 7    13  
712         1 1 3 8    13  
713         1 1 3 9    13  
714         1 1 3 10   13  
715         1 1 3 11   13  
716         1 1 3 12   13  
717         1 1 3 13   13  
718         1 1 3 14   13  
719         1 1 3 15   13  
720         1 1 3 16   13  
721         1 1 3 1    14  
722         1 1 3 2    14  
723         1 1 3 3    14  
724         1 1 3 4    14  
725         1 1 3 5    14  
726         1 1 3 6    14  
727         1 1 3 7    14  
728         1 1 3 8    14  
729         1 1 3 9    14  
730         1 1 3 10   14  
731         1 1 3 11   14  
732         1 1 3 12   14  
733         1 1 3 13   14  
734         1 1 3 14   14  
735         1 1 3 15   14  
736         1 1 3 16   14  
737         1 1 3 1    15  
738         1 1 3 2    15  
739         1 1 3 3    15  
740         1 1 3 4    15  
741         1 1 3 5    15  
742         1 1 3 6    15  
743         1 1 3 7    15  
744         1 1 3 8    15  
745         1 1 3 9    15  
746         1 1 3 10   15  
747         1 1 3 11   15  
748         1 1 3 12   15  
749         1 1 3 13   15  
750         1 1 3 14   15  
751         1 1 3 15   15  
752         1 1 3 16   15  
753         1 1 3 1    16  
754         1 1 3 2    16  
755         1 1 3 3    16  
756         1 1 3 4    16  
757         1 1 3 5    16  
758         1 1 3 6    16  
759         1 1 3 7    16  
760         1 1 3 8    16  
761         1 1 3 9    16  
762         1 1 3 10   16  
763         1 1 3 11   16  
764         1 1 3 12   16  
765         1 1 3 13   16  
766         1 1 3 14   16  
767         1 1 3 15   16  
768         1 1 3 16   16  
769         1 1 4 1    1   
770         1 1 4 2    1   
771         1 1 4 3    1   
772         1 1 4 4    1   
773         1 1 4 5    1   
774         1 1 4 6    1   
775         1 1 4 7    1   
776         1 1 4 8    1   
777         1 1 4 9    1   
778         1 1 4 10   1   
779         1 1 4 11   1   
780         1 1 4 12   1   
781         1 1 4 13   1   
782         1 1 4 14   1   
783         1 1 4 15   1   
784         1 1 4 16   1   
785         1 1 4 1    2   
786         1 1 4 2    2   
787         1 1 4 3    2   
788         1 1 4 4    2   
789         1 1 4 5    2   
790         1 1 4 6    2   
791         1 1 4 7    2   
792         1 1 4 8    2   
793         1 1 4 9    2   
794         1 1 4 10   2   
795         1 1 4 11   2   
796         1 1 4 12   2   
797         1 1 4 13   2   
798         1 1 4 14   2   
799         1 1 4 15   2   
800         1 1 4 16   2   
801         1 1 4 1    3   
802         1 1 4 2    3   
803         1 1 4 3    3   
804         1 1 4 4    3   
805         1 1 4 5    3   
806         1 1 4 6    3   
807         1 1 4 7    3   
808         1 1 4 8    3   
809         1 1 4 9    3   
810         1 1 4 10   3   
811         1 1 4 11   3   
812         1 1 4 12   3   
813         1 1 4 13   3   
814         1 1 4 14   3   
815         1 1 4 15   3   
816         1 1 4 16   3   
817         1 1 4 1    4   
818         1 1 4 2    4   
819         1 1 4 3    4   
820         1 1 4 4    4   
821         1 1 4 5    4   
822         1 1 4 6    4   
823         1 1 4 7    4   
824         1 1 4 8    4   
825         1 1 4 9    4   
826         1 1 4 10   4   
827         1 1 4 11   4   
828         1 1 4 12   4   
829         1 1 4 13   4   
830         1 1 4 14   4   
831         1 1 4 15   4   
832         1 1 4 16   4   
833         1 1 4 1    5   
834         1 1 4 2    5   
835         1 1 4 3    5   
836         1 1 4 4    5   
837         1 1 4 5    5   
838         1 1 4 6    5   
839         1 1 4 7    5   
840         1 1 4 8    5   
841         1 1 4 9    5   
842         1 1 4 10   5   
843         1 1 4 11   5   
844         1 1 4 12   5   
845         1 1 4 13   5   
846         1 1 4 14   5   
847         1 1 4 15   5   
848         1 1 4 16   5   
849         1 1 4 1    6   
850         1 1 4 2    6   
851         1 1 4 3    6   
852         1 1 4 4    6   
853         1 1 4 5    6   
854         1 1 4 6    6   
855         1 1 4 7    6   
856         1 1 4 8    6   
857         1 1 4 9    6   
858         1 1 4 10   6   
859         1 1 4 11   6   
860         1 1 4 12   6   
861         1 1 4 13   6   
862         1 1 4 14   6   
863         1 1 4 15   6   
864         1 1 4 16   6   
865         1 1 4 1    7   
866         1 1 4 2    7   
867         1 1 4 3    7   
868         1 1 4 4    7   
869         1 1 4 5    7   
870         1 1 4 6    7   
871         1 1 4 7    7   
872         1 1 4 8    7   
873         1 1 4 9    7   
874         1 1 4 10   7   
875         1 1 4 11   7   
876         1 1 4 12   7   
877         1 1 4 13   7   
878         1 1 4 14   7   
879         1 1 4 15   7   
880         1 1 4 16   7   
881         1 1 4 1    8   
882         1 1 4 2    8   
883         1 1 4 3    8   
884         1 1 4 4    8   
885         1 1 4 5    8   
886         1 1 4 6    8   
887         1 1 4 7    8   
888         1 1 4 8    8   
889         1 1 4 9    8   
890         1 1 4 10   8   
891         1 1 4 11   8   
892         1 1 4 12   8   
893         1 1 4 13   8   
894         1 1 4 14   8   
895         1 1 4 15   8   
896         1 1 4 16   8   
897         1 1 4 1    9   
898         1 1 4 2    9   
899         1 1 4 3    9   
900         1 1 4 4    9   
901         1 1 4 5    9   
902         1 1 4 6    9   
903         1 1 4 7    9   
904         1 1 4 8    9   
905         1 1 4 9    9   
906         1 1 4 10   9   
907         1 1 4 11   9   
908         1 1 4 12   9   
909         1 1 4 13   9   
910         1 1 4 14   9   
911         1 1 4 15   9   
912         1 1 4 16   9   
913         1 1 4 1    10  
914         1 1 4 2    10  
915         1 1 4 3    10  
916         1 1 4 4    10  
917         1 1 4 5    10  
918         1 1 4 6    10  
919         1 1 4 7    10  
920         1 1 4 8    10  
921         1 1 4 9    10  
922         1 1 4 10   10  
923         1 1 4 11   10  
924         1 1 4 12   10  
925         1 1 4 13   10  
926         1 1 4 14   10  
927         1 1 4 15   10  
928         1 1 4 16   10  
929         1 1 4 1    11  
930         1 1 4 2    11  
931         1 1 4 3    11  
932         1 1 4 4    11  
933         1 1 4 5    11  
934         1 1 4 6    11  
935         1 1 4 7    11  
936         1 1 4 8    11  
937         1 1 4 9    11  
938         1 1 4 10   11  
939         1 1 4 11   11  
940         1 1 4 12   11  
941         1 1 4 13   11  
942         1 1 4 14   11  
943         1 1 4 15   11  
944         1 1 4 16   11  
945         1 1 4 1    12  
946         1 1 4 2    12  
947         1 1 4 3    12  
948         1 1 4 4    12  
949         1 1 4 5    12  
950         1 1 4 6    12  
951         1 1 4 7    12  
952         1 1 4 8    12  
953         1 1 4 9    12  
954         1 1 4 10   12  
955         1 1 4 11   12  
956         1 1 4 12   12  
957         1 1 4 13   12  
958         1 1 4 14   12  
959         1 1 4 15   12  
960         1 1 4 16   12  
961         1 1 4 1    13  
962         1 1 4 2    13  
963         1 1 4 3    13  
964         1 1 4 4    13  
965         1 1 4 5    13  
966         1 1 4 6    13  
967         1 1 4 7    13  
968         1 1 4 8    13  
969         1 1 4 9    13  
970         1 1 4 10   13  
971         1 1 4 11   13  
972         1 1 4 12   13  
973         1 1 4 13   13  
974         1 1 4 14   13  
975         1 1 4 15   13  
976         1 1 4 16   13  
977         1 1 4 1    14  
978         1 1 4 2    14  
979         1 1 4 3    14  
980         1 1 4 4    14  
981         1 1 4 5    14  
982         1 1 4 6    14  
983         1 1 4 7    14  
984         1 1 4 8    14  
985         1 1 4 9    14  
986         1 1 4 10   14  
987         1 1 4 11   14  
988         1 1 4 12   14  
989         1 1 4 13   14  
990         1 1 4 14   14  
991         1 1 4 15   14  
992         1 1 4 16   14  
993         1 1 4 1    15  
994         1 1 4 2    15  
995         1 1 4 3    15  
996         1 1 4 4    15  
997         1 1 4 5    15  
998         1 1 4 6    15  
999         1 1 4 7    15  
1000        1 1 4 8    15  
1001        1 1 4 9    15  
1002        1 1 4 10   15  
1003        1 1 4 11   15  
1004        1 1 4 12   15  
1005        1 1 4 13   15  
1006        1 1 4 14   15  
1007        1 1 4 15   15  
1008        1 1 4 16   15  
1009        1 1 4 1    16  
1010        1 1 4 2    16  
1011        1 1 4 3    16  
1012        1 1 4 4    16  
1013        1 1 4 5    16  
1014        1 1 4 6    16  
1015        1 1 4 7    16  
1016        1 1 4 8    16  
1017        1 1 4 9    16  
1018        1 1 4 10   16  
1019        1 1 4 11   16  
1020        1 1 4 12   16  
1021        1 1 4 13   16  
1022        1 1 4 14   16  
1023        1 1 4 15   16  
1024        1 1 4 16   16  
1025        1 1 5 1    1   
1026        1 1 5 2    1   
1027        1 1 5 3    1   
1028        1 1 5 4    1   
1029        1 1 5 5    1   
1030        1 1 5 6    1   
1031        1 1 5 7    1   
1032        1 1 5 8    1   
1033        1 1 5 9    1   
1034        1 1 5 10   1   
1035        1 1 5 11   1   
1036        1 1 5 12   1   
1037        1 1 5 13   1   
1038        1 1 5 14   1   
1039        1 1 5 15   1   
1040        1 1 5 16   1   
1041        1 1 5 1    2   
1042        1 1 5 2    2   
1043        1 1 5 3    2   
1044        1 1 5 4    2   
1045        1 1 5 5    2   
1046        1 1 5 6    2   
1047        1 1 5 7    2   
1048        1 1 5 8    2   
1049        1 1 5 9    2   
1050        1 1 5 10   2   
1051        1 1 5 11   2   
1052        1 1 5 12   2   
1053        1 1 5 13   2   
1054        1 1 5 14   2   
1055        1 1 5 15   2   
1056        1 1 5 16   2   
1057        1 1 5 1    3   
1058        1 1 5 2    3   
1059        1 1 5 3    3   
1060        1 1 5 4    3   
1061        1 1 5 5    3   
1062        1 1 5 6    3   
1063        1 1 5 7    3   
1064        1 1 5 8    3   
1065        1 1 5 9    3   
1066        1 1 5 10   3   
1067        1 1 5 11   3   
1068        1 1 5 12   3   
1069        1 1 5 13   3   
1070        1 1 5 14   3   
1071        1 1 5 15   3   
1072        1 1 5 16   3   
1073        1 1 5 1    4   
1074        1 1 5 2    4   
1075        1 1 5 3    4   
1076        1 1 5 4    4   
1077        1 1 5 5    4   
1078        1 1 5 6    4   
1079        1 1 5 7    4   
1080        1 1 5 8    4   
1081        1 1 5 9    4   
1082        1 1 5 10   4   
1083        1 1 5 11   4   
1084        1 1 5 12   4   
1085        1 1 5 13   4   
1086        1 1 5 14   4   
1087        1 1 5 15   4   
1088        1 1 5 16   4   
1089        1 1 5 1    5   
1090        1 1 5 2    5   
1091        1 1 5 3    5   
1092        1 1 5 4    5   
1093        1 1 5 5    5   
1094        1 1 5 6    5   
1095        1 1 5 7    5   
1096        1 1 5 8    5   
1097        1 1 5 9    5   
1098        1 1 5 10   5   
1099        1 1 5 11   5   
1100        1 1 5 12   5   
1101        1 1 5 13   5   
1102        1 1 5 14   5   
1103        1 1 5 15   5   
1104        1 1 5 16   5   
1105        1 1 5 1    6   
1106        1 1 5 2    6   
1107        1 1 5 3    6   
1108        1 1 5 4    6   
1109        1 1 5 5    6   
1110        1 1 5 6    6   
1111        1 1 5 7    6   
1112        1 1 5 8    6   
1113        1 1 5 9    6   
1114        1 1 5 10   6   
1115        1 1 5 11   6   
1116        1 1 5 12   6   
1117        1 1 5 13   6   
1118        1 1 5 14   6   
1119        1 1 5 15   6   
1120        1 1 5 16   6   
1121        1 1 5 1    7   
1122        1 1 5 2    7   
1123        1 1 5 3    7   
1124        1 1 5 4    7   
1125        1 1 5 5    7   
1126        1 1 5 6    7   
1127        1 1 5 7    7   
1128        1 1 5 8    7   
1129        1 1 5 9    7   
1130        1 1 5 10   7   
1131        1 1 5 11   7   
1132        1 1 5 12   7   
1133        1 1 5 13   7   
1134        1 1 5 14   7   
1135        1 1 5 15   7   
1136        1 1 5 16   7   
1137        1 1 5 1    8   
1138        1 1 5 2    8   
1139        1 1 5 3    8   
1140        1 1 5 4    8   
1141        1 1 5 5    8   
1142        1 1 5 6    8   
1143        1 1 5 7    8   
1144        1 1 5 8    8   
1145        1 1 5 9    8   
1146        1 1 5 10   8   
1147        1 1 5 11   8   
1148        1 1 5 12   8   
1149        1 1 5 13   8   
1150        1 1 5 14   8   
1151        1 1 5 15   8   
1152        1 1 5 16   8   
1153        1 1 5 1    9   
1154        1 1 5 2    9   
1155        1 1 5 3    9   
1156        1 1 5 4    9   
1157        1 1 5 5    9   
1158        1 1 5 6    9   
1159        1 1 5 7    9   
1160        1 1 5 8    9   
1161        1 1 5 9    9   
1162        1 1 5 10   9   
1163        1 1 5 11   9   
1164        1 1 5 12   9   
1165        1 1 5 13   9   
1166        1 1 5 14   9   
1167        1 1 5 15   9   
1168        1 1 5 16   9   
1169        1 1 5 1    10  
1170        1 1 5 2    10  
1171        1 1 5 3    10  
1172        1 1 5 4    10  
1173        1 1 5 5    10  
1174        1 1 5 6    10  
1175        1 1 5 7    10  
1176        1 1 5 8    10  
1177        1 1 5 9    10  
1178        1 1 5 10   10  
1179        1 1 5 11   10  
1180        1 1 5 12   10  
1181        1 1 5 13   10  
1182        1 1 5 14   10  
1183        1 1 5 15   10  
1184        1 1 5 16   10  
1185        1 1 5 1    11  
1186        1 1 5 2    11  
1187        1 1 5 3    11  
1188        1 1 5 4    11  
1189        1 1 5 5    11  
1190        1 1 5 6    11  
1191        1 1 5 7    11  
1192        1 1 5 8    11  
1193        1 1 5 9    11  
1194        1 1 5 10   11  
1195        1 1 5 11   11  
1196        1 1 5 12   11  
1197        1 1 5 13   11  
1198        1 1 5 14   11  
1199        1 1 5 15   11  
1200        1 1 5 16   11  
1201        1 1 5 1    12  
1202        1 1 5 2    12  
1203        1 1 5 3    12  
1204        1 1 5 4    12  
1205        1 1 5 5    12  
1206        1 1 5 6    12  
1207        1 1 5 7    12  
1208        1 1 5 8    12  
1209        1 1 5 9    12  
1210        1 1 5 10   12  
1211        1 1 5 11   12  
1212        1 1 5 12   12  
1213        1 1 5 13   12  
1214        1 1 5 14   12  
1215        1 1 5 15   12  
1216        1 1 5 16   12  
1217        1 1 5 1    13  
1218        1 1 5 2    13  
1219        1 1 5 3    13  
1220        1 1 5 4    13  
1221        1 1 5 5    13  
1222        1 1 5 6    13  
1223        1 1 5 7    13  
1224        1 1 5 8    13  
1225        1 1 5 9    13  
1226        1 1 5 10   13  
1227        1 1 5 11   13  
1228        1 1 5 12   13  
1229        1 1 5 13   13  
1230        1 1 5 14   13  
1231        1 1 5 15   13  
1232        1 1 5 16   13  
1233        1 1 5 1    14  
1234        1 1 5 2    14  
1235        1 1 5 3    14  
1236        1 1 5 4    14  
1237        1 1 5 5    14  
1238        1 1 5 6    14  
1239        1 1 5 7    14  
1240        1 1 5 8    14  
1241        1 1 5 9    14  
1242        1 1 5 10   14  
1243        1 1 5 11   14  
1244        1 1 5 12   14  
1245        1 1 5 13   14  
1246        1 1 5 14   14  
1247        1 1 5 15   14  
1248        1 1 5 16   14  
1249        1 1 5 1    15  
1250        1 1 5 2    15  
1251        1 1 5 3    15  
1252        1 1 5 4    15  
1253        1 1 5 5    15  
1254        1 1 5 6    15  
1255        1 1 5 7    15  
1256        1 1 5 8    15  
1257        1 1 5 9    15  
1258        1 1 5 10   15  
1259        1 1 5 11   15  
1260        1 1 5 12   15  
1261        1 1 5 13   15  
1262        1 1 5 14   15  
1263        1 1 5 15   15  
1264        1 1 5 16   15  
1265        1 1 5 1    16  
1266        1 1 5 2    16  
1267        1 1 5 3    16  
1268        1 1 5 4    16  
1269        1 1 5 5    16  
1270        1 1 5 6    16  
1271        1 1 5 7    16  
1272        1 1 5 8    16  
1273        1 1 5 9    16  
1274        1 1 5 10   16  
1275        1 1 5 11   16  
1276        1 1 5 12   16  
1277        1 1 5 13   16  
1278        1 1 5 14   16  
1279        1 1 5 15   16  
1280        1 1 5 16   16  
1281        1 1 6 1    1   
1282        1 1 6 2    1   
1283        1 1 6 3    1   
1284        1 1 6 4    1   
1285        1 1 6 5    1   
1286        1 1 6 6    1   
1287        1 1 6 7    1   
1288        1 1 6 8    1   
1289        1 1 6 9    1   
1290        1 1 6 10   1   
1291        1 1 6 11   1   
1292        1 1 6 12   1   
1293        1 1 6 13   1   
1294        1 1 6 14   1   
1295        1 1 6 15   1   
1296        1 1 6 16   1   
1297        1 1 6 1    2   
1298        1 1 6 2    2   
1299        1 1 6 3    2   
1300        1 1 6 4    2   
1301        1 1 6 5    2   
1302        1 1 6 6    2   
1303        1 1 6 7    2   
1304        1 1 6 8    2   
1305        1 1 6 9    2   
1306        1 1 6 10   2   
1307        1 1 6 11   2   
1308        1 1 6 12   2   
1309        1 1 6 13   2   
1310        1 1 6 14   2   
1311        1 1 6 15   2   
1312        1 1 6 16   2   
1313        1 1 6 1    3   
1314        1 1 6 2    3   
1315        1 1 6 3    3   
1316        1 1 6 4    3   
1317        1 1 6 5    3   
1318        1 1 6 6    3   
1319        1 1 6 7    3   
1320        1 1 6 8    3   
1321        1 1 6 9    3   
1322        1 1 6 10   3   
1323        1 1 6 11   3   
1324        1 1 6 12   3   
1325        1 1 6 13   3   
1326        1 1 6 14   3   
1327        1 1 6 15   3   
1328        1 1 6 16   3   
1329        1 1 6 1    4   
1330        1 1 6 2    4   
1331        1 1 6 3    4   
1332        1 1 6 4    4   
1333        1 1 6 5    4   
1334        1 1 6 6    4   
1335        1 1 6 7    4   
1336        1 1 6 8    4   
1337        1 1 6 9    4   
1338        1 1 6 10   4   
1339        1 1 6 11   4   
1340        1 1 6 12   4   
1341        1 1 6 13   4   
1342        1 1 6 14   4   
1343        1 1 6 15   4   
1344        1 1 6 16   4   
1345        1 1 6 1    5   
1346        1 1 6 2    5   
1347        1 1 6 3    5   
1348        1 1 6 4    5   
1349        1 1 6 5    5   
1350        1 1 6 6    5   
1351        1 1 6 7    5   
1352        1 1 6 8    5   
1353        1 1 6 9    5   
1354        1 1 6 10   5   
1355        1 1 6 11   5   
1356        1 1 6 12   5   
1357        1 1 6 13   5   
1358        1 1 6 14   5   
1359        1 1 6 15   5   
1360        1 1 6 16   5   
1361        1 1 6 1    6   
1362        1 1 6 2    6   
1363        1 1 6 3    6   
1364        1 1 6 4    6   
1365        1 1 6 5    6   
1366        1 1 6 6    6   
1367        1 1 6 7    6   
1368        1 1 6 8    6   
1369        1 1 6 9    6   
1370        1 1 6 10   6   
1371        1 1 6 11   6   
1372        1 1 6 12   6   
1373        1 1 6 13   6   
1374        1 1 6 14   6   
1375        1 1 6 15   6   
1376        1 1 6 16   6   
1377        1 1 6 1    7   
1378        1 1 6 2    7   
1379        1 1 6 3    7   
1380        1 1 6 4    7   
1381        1 1 6 5    7   
1382        1 1 6 6    7   
1383        1 1 6 7    7   
1384        1 1 6 8    7   
1385        1 1 6 9    7   
1386        1 1 6 10   7   
1387        1 1 6 11   7   
1388        1 1 6 12   7   
1389        1 1 6 13   7   
1390        1 1 6 14   7   
1391        1 1 6 15   7   
1392        1 1 6 16   7   
1393        1 1 6 1    8   
1394        1 1 6 2    8   
1395        1 1 6 3    8   
1396        1 1 6 4    8   
1397        1 1 6 5    8   
1398        1 1 6 6    8   
1399        1 1 6 7    8   
1400        1 1 6 8    8   
1401        1 1 6 9    8   
1402        1 1 6 10   8   
1403        1 1 6 11   8   
1404        1 1 6 12   8   
1405        1 1 6 13   8   
1406        1 1 6 14   8   
1407        1 1 6 15   8   
1408        1 1 6 16   8   
1409        1 1 6 1    9   
1410        1 1 6 2    9   
1411        1 1 6 3    9   
1412        1 1 6 4    9   
1413        1 1 6 5    9   
1414        1 1 6 6    9   
1415        1 1 6 7    9   
1416        1 1 6 8    9   
1417        1 1 6 9    9   
1418        1 1 6 10   9   
1419        1 1 6 11   9   
1420        1 1 6 12   9   
1421        1 1 6 13   9   
1422        1 1 6 14   9   
1423        1 1 6 15   9   
1424        1 1 6 16   9   
1425        1 1 6 1    10  
1426        1 1 6 2    10  
1427        1 1 6 3    10  
1428        1 1 6 4    10  
1429        1 1 6 5    10  
1430        1 1 6 6    10  
1431        1 1 6 7    10  
1432        1 1 6 8    10  
1433        1 1 6 9    10  
1434        1 1 6 10   10  
1435        1 1 6 11   10  
1436        1 1 6 12   10  
1437        1 1 6 13   10  
1438        1 1 6 14   10  
1439        1 1 6 15   10  
1440        1 1 6 16   10  
1441        1 1 6 1    11  
1442        1 1 6 2    11  
1443        1 1 6 3    11  
1444        1 1 6 4    11  
1445        1 1 6 5    11  
1446        1 1 6 6    11  
1447        1 1 6 7    11  
1448        1 1 6 8    11  
1449        1 1 6 9    11  
1450        1 1 6 10   11  
1451        1 1 6 11   11  
1452        1 1 6 12   11  
1453        1 1 6 13   11  
1454        1 1 6 14   11  
1455        1 1 6 15   11  
1456        1 1 6 16   11  
1457        1 1 6 1    12  
1458        1 1 6 2    12  
1459        1 1 6 3    12  
1460        1 1 6 4    12  
1461        1 1 6 5    12  
1462        1 1 6 6    12  
1463        1 1 6 7    12  
1464        1 1 6 8    12  
1465        1 1 6 9    12  
1466        1 1 6 10   12  
1467        1 1 6 11   12  
1468        1 1 6 12   12  
1469        1 1 6 13   12  
1470        1 1 6 14   12  
1471        1 1 6 15   12  
1472        1 1 6 16   12  
1473        1 1 6 1    13  
1474        1 1 6 2    13  
1475        1 1 6 3    13  
1476        1 1 6 4    13  
1477        1 1 6 5    13  
1478        1 1 6 6    13  
1479        1 1 6 7    13  
1480        1 1 6 8    13  
1481        1 1 6 9    13  
1482        1 1 6 10   13  
1483        1 1 6 11   13  
1484        1 1 6 12   13  
1485        1 1 6 13   13  
1486        1 1 6 14   13  
1487        1 1 6 15   13  
1488        1 1 6 16   13  
1489        1 1 6 1    14  
1490        1 1 6 2    14  
1491        1 1 6 3    14  
1492        1 1 6 4    14  
1493        1 1 6 5    14  
1494        1 1 6 6    14  
1495        1 1 6 7    14  
1496        1 1 6 8    14  
1497        1 1 6 9    14  
1498        1 1 6 10   14  
1499        1 1 6 11   14  
1500        1 1 6 12   14  
1501        1 1 6 13   14  
1502        1 1 6 14   14  
1503        1 1 6 15   14  
1504        1 1 6 16   14  
1505        1 1 6 1    15  
1506        1 1 6 2    15  
1507        1 1 6 3    15  
1508        1 1 6 4    15  
1509        1 1 6 5    15  
1510        1 1 6 6    15  
1511        1 1 6 7    15  
1512        1 1 6 8    15  
1513        1 1 6 9    15  
1514        1 1 6 10   15  
1515        1 1 6 11   15  
1516        1 1 6 12   15  
1517        1 1 6 13   15  
1518        1 1 6 14   15  
1519        1 1 6 15   15  
1520        1 1 6 16   15  
1521        1 1 6 1    16  
1522        1 1 6 2    16  
1523        1 1 6 3    16  
1524        1 1 6 4    16  
1525        1 1 6 5    16  
1526        1 1 6 6    16  
1527        1 1 6 7    16  
1528        1 1 6 8    16  
1529        1 1 6 9    16  
1530        1 1 6 10   16  
1531        1 1 6 11   16  
1532        1 1 6 12   16  
1533        1 1 6 13   16  
1534        1 1 6 14   16  
1535        1 1 6 15   16  
1536        1 1 6 16   16  
1537        1 1 7 1    1   
1538        1 1 7 2    1   
1539        1 1 7 3    1   
1540        1 1 7 4    1   
1541        1 1 7 5    1   
1542        1 1 7 6    1   
1543        1 1 7 7    1   
1544        1 1 7 8    1   
1545        1 1 7 9    1   
1546        1 1 7 10   1   
1547        1 1 7 11   1   
1548        1 1 7 12   1   
1549        1 1 7 13   1   
1550        1 1 7 14   1   
1551        1 1 7 15   1   
1552        1 1 7 16   1   
1553        1 1 7 1    2   
1554        1 1 7 2    2   
1555        1 1 7 3    2   
1556        1 1 7 4    2   
1557        1 1 7 5    2   
1558        1 1 7 6    2   
1559        1 1 7 7    2   
1560        1 1 7 8    2   
1561        1 1 7 9    2   
1562        1 1 7 10   2   
1563        1 1 7 11   2   
1564        1 1 7 12   2   
1565        1 1 7 13   2   
1566        1 1 7 14   2   
1567        1 1 7 15   2   
1568        1 1 7 16   2   
1569        1 1 7 1    3   
1570        1 1 7 2    3   
1571        1 1 7 3    3   
1572        1 1 7 4    3   
1573        1 1 7 5    3   
1574        1 1 7 6    3   
1575        1 1 7 7    3   
1576        1 1 7 8    3   
1577        1 1 7 9    3   
1578        1 1 7 10   3   
1579        1 1 7 11   3   
1580        1 1 7 12   3   
1581        1 1 7 13   3   
1582        1 1 7 14   3   
1583        1 1 7 15   3   
1584        1 1 7 16   3   
1585        1 1 7 1    4   
1586        1 1 7 2    4   
1587        1 1 7 3    4   
1588        1 1 7 4    4   
1589        1 1 7 5    4   
1590        1 1 7 6    4   
1591        1 1 7 7    4   
1592        1 1 7 8    4   
1593        1 1 7 9    4   
1594        1 1 7 10   4   
1595        1 1 7 11   4   
1596        1 1 7 12   4   
1597        1 1 7 13   4   
1598        1 1 7 14   4   
1599        1 1 7 15   4   
1600        1 1 7 16   4   
1601        1 1 7 1    5   
1602        1 1 7 2    5   
1603        1 1 7 3    5   
1604        1 1 7 4    5   
1605        1 1 7 5    5   
1606        1 1 7 6    5   
1607        1 1 7 7    5   
1608        1 1 7 8    5   
1609        1 1 7 9    5   
1610        1 1 7 10   5   
1611        1 1 7 11   5   
1612        1 1 7 12   5   
1613        1 1 7 13   5   
1614        1 1 7 14   5   
1615        1 1 7 15   5   
1616        1 1 7 16   5   
1617        1 1 7 1    6   
1618        1 1 7 2    6   
1619        1 1 7 3    6   
1620        1 1 7 4    6   
1621        1 1 7 5    6   
1622        1 1 7 6    6   
1623        1 1 7 7    6   
1624        1 1 7 8    6   
1625        1 1 7 9    6   
1626        1 1 7 10   6   
1627        1 1 7 11   6   
1628        1 1 7 12   6   
1629        1 1 7 13   6   
1630        1 1 7 14   6   
1631        1 1 7 15   6   
1632        1 1 7 16   6   
1633        1 1 7 1    7   
1634        1 1 7 2    7   
1635        1 1 7 3    7   
1636        1 1 7 4    7   
1637        1 1 7 5    7   
1638        1 1 7 6    7   
1639        1 1 7 7    7   
1640        1 1 7 8    7   
1641        1 1 7 9    7   
1642        1 1 7 10   7   
1643        1 1 7 11   7   
1644        1 1 7 12   7   
1645        1 1 7 13   7   
1646        1 1 7 14   7   
1647        1 1 7 15   7   
1648        1 1 7 16   7   
1649        1 1 7 1    8   
1650        1 1 7 2    8   
1651        1 1 7 3    8   
1652        1 1 7 4    8   
1653        1 1 7 5    8   
1654        1 1 7 6    8   
1655        1 1 7 7    8   
1656        1 1 7 8    8   
1657        1 1 7 9    8   
1658        1 1 7 10   8   
1659        1 1 7 11   8   
1660        1 1 7 12   8   
1661        1 1 7 13   8   
1662        1 1 7 14   8   
1663        1 1 7 15   8   
1664        1 1 7 16   8   
1665        1 1 7 1    9   
1666        1 1 7 2    9   
1667        1 1 7 3    9   
1668        1 1 7 4    9   
1669        1 1 7 5    9   
1670        1 1 7 6    9   
1671        1 1 7 7    9   
1672        1 1 7 8    9   
1673        1 1 7 9    9   
1674        1 1 7 10   9   
1675        1 1 7 11   9   
1676        1 1 7 12   9   
1677        1 1 7 13   9   
1678        1 1 7 14   9   
1679        1 1 7 15   9   
1680        1 1 7 16   9   
1681        1 1 7 1    10  
1682        1 1 7 2    10  
1683        1 1 7 3    10  
1684        1 1 7 4    10  
1685        1 1 7 5    10  
1686        1 1 7 6    10  
1687        1 1 7 7    10  
1688        1 1 7 8    10  
1689        1 1 7 9    10  
1690        1 1 7 10   10  
1691        1 1 7 11   10  
1692        1 1 7 12   10  
1693        1 1 7 13   10  
1694        1 1 7 14   10  
1695        1 1 7 15   10  
1696        1 1 7 16   10  
1697        1 1 7 1    11  
1698        1 1 7 2    11  
1699        1 1 7 3    11  
1700        1 1 7 4    11  
1701        1 1 7 5    11  
1702        1 1 7 6    11  
1703        1 1 7 7    11  
1704        1 1 7 8    11  
1705        1 1 7 9    11  
1706        1 1 7 10   11  
1707        1 1 7 11   11  
1708        1 1 7 12   11  
1709        1 1 7 13   11  
1710        1 1 7 14   11  
1711        1 1 7 15   11  
1712        1 1 7 16   11  
1713        1 1 7 1    12  
1714        1 1 7 2    12  
1715        1 1 7 3    12  
1716        1 1 7 4    12  
1717        1 1 7 5    12  
1718        1 1 7 6    12  
1719        1 1 7 7    12  
1720        1 1 7 8    12  
1721        1 1 7 9    12  
1722        1 1 7 10   12  
1723        1 1 7 11   12  
1724        1 1 7 12   12  
1725        1 1 7 13   12  
1726        1 1 7 14   12  
1727        1 1 7 15   12  
1728        1 1 7 16   12  
1729        1 1 7 1    13  
1730        1 1 7 2    13  
1731        1 1 7 3    13  
1732        1 1 7 4    13  
1733        1 1 7 5    13  
1734        1 1 7 6    13  
1735        1 1 7 7    13  
1736        1 1 7 8    13  
1737        1 1 7 9    13  
1738        1 1 7 10   13  
1739        1 1 7 11   13  
1740        1 1 7 12   13  
1741        1 1 7 13   13  
1742        1 1 7 14   13  
1743        1 1 7 15   13  
1744        1 1 7 16   13  
1745        1 1 7 1    14  
1746        1 1 7 2    14  
1747        1 1 7 3    14  
1748        1 1 7 4    14  
1749        1 1 7 5    14  
1750        1 1 7 6    14  
1751        1 1 7 7    14  
1752        1 1 7 8    14  
1753        1 1 7 9    14  
1754        1 1 7 10   14  
1755        1 1 7 11   14  
1756        1 1 7 12   14  
1757        1 1 7 13   14  
1758        1 1 7 14   14  
1759        1 1 7 15   14  
1760        1 1 7 16   14  
1761        1 1 7 1    15  
1762        1 1 7 2    15  
1763        1 1 7 3    15  
1764        1 1 7 4    15  
1765        1 1 7 5    15  
1766        1 1 7 6    15  
1767        1 1 7 7    15  
1768        1 1 7 8    15  
1769        1 1 7 9    15  
1770        1 1 7 10   15  
1771        1 1 7 11   15  
1772        1 1 7 12   15  
1773        1 1 7 13   15  
1774        1 1 7 14   15  
1775        1 1 7 15   15  
1776        1 1 7 16   15  
1777        1 1 7 1    16  
1778        1 1 7 2    16  
1779        1 1 7 3    16  
1780        1 1 7 4    16  
1781        1 1 7 5    16  
1782        1 1 7 6    16  
1783        1 1 7 7    16  
1784        1 1 7 8    16  
1785        1 1 7 9    16  
1786        1 1 7 10   16  
1787        1 1 7 11   16  
1788        1 1 7 12   16  
1789        1 1 7 13   16  
1790        1 1 7 14   16  
1791        1 1 7 15   16  
1792        1 1 7 16   16  
1793        1 1 8 1    1   
1794        1 1 8 2    1   
1795        1 1 8 3    1   
1796        1 1 8 4    1   
1797        1 1 8 5    1   
1798        1 1 8 6    1   
1799        1 1 8 7    1   
1800        1 1 8 8    1   
1801        1 1 8 9    1   
1802        1 1 8 10   1   
1803        1 1 8 11   1   
1804        1 1 8 12   1   
1805        1 1 8 13   1   
1806        1 1 8 14   1   
1807        1 1 8 15   1   
1808        1 1 8 16   1   
1809        1 1 8 1    2   
1810        1 1 8 2    2   
1811        1 1 8 3    2   
1812        1 1 8 4    2   
1813        1 1 8 5    2   
1814        1 1 8 6    2   
1815        1 1 8 7    2   
1816        1 1 8 8    2   
1817        1 1 8 9    2   
1818        1 1 8 10   2   
1819        1 1 8 11   2   
1820        1 1 8 12   2   
1821        1 1 8 13   2   
1822        1 1 8 14   2   
1823        1 1 8 15   2   
1824        1 1 8 16   2   
1825        1 1 8 1    3   
1826        1 1 8 2    3   
1827        1 1 8 3    3   
1828        1 1 8 4    3   
1829        1 1 8 5    3   
1830        1 1 8 6    3   
1831        1 1 8 7    3   
1832        1 1 8 8    3   
1833        1 1 8 9    3   
1834        1 1 8 10   3   
1835        1 1 8 11   3   
1836        1 1 8 12   3   
1837        1 1 8 13   3   
1838        1 1 8 14   3   
1839        1 1 8 15   3   
1840        1 1 8 16   3   
1841        1 1 8 1    4   
1842        1 1 8 2    4   
1843        1 1 8 3    4   
1844        1 1 8 4    4   
1845        1 1 8 5    4   
1846        1 1 8 6    4   
1847        1 1 8 7    4   
1848        1 1 8 8    4   
1849        1 1 8 9    4   
1850        1 1 8 10   4   
1851        1 1 8 11   4   
1852        1 1 8 12   4   
1853        1 1 8 13   4   
1854        1 1 8 14   4   
1855        1 1 8 15   4   
1856        1 1 8 16   4   
1857        1 1 8 1    5   
1858        1 1 8 2    5   
1859        1 1 8 3    5   
1860        1 1 8 4    5   
1861        1 1 8 5    5   
1862        1 1 8 6    5   
1863        1 1 8 7    5   
1864        1 1 8 8    5   
1865        1 1 8 9    5   
1866        1 1 8 10   5   
1867        1 1 8 11   5   
1868        1 1 8 12   5   
1869        1 1 8 13   5   
1870        1 1 8 14   5   
1871        1 1 8 15   5   
1872        1 1 8 16   5   
1873        1 1 8 1    6   
1874        1 1 8 2    6   
1875        1 1 8 3    6   
1876        1 1 8 4    6   
1877        1 1 8 5    6   
1878        1 1 8 6    6   
1879        1 1 8 7    6   
1880        1 1 8 8    6   
1881        1 1 8 9    6   
1882        1 1 8 10   6   
1883        1 1 8 11   6   
1884        1 1 8 12   6   
1885        1 1 8 13   6   
1886        1 1 8 14   6   
1887        1 1 8 15   6   
1888        1 1 8 16   6   
1889        1 1 8 1    7   
1890        1 1 8 2    7   
1891        1 1 8 3    7   
1892        1 1 8 4    7   
1893        1 1 8 5    7   
1894        1 1 8 6    7   
1895        1 1 8 7    7   
1896        1 1 8 8    7   
1897        1 1 8 9    7   
1898        1 1 8 10   7   
1899        1 1 8 11   7   
1900        1 1 8 12   7   
1901        1 1 8 13   7   
1902        1 1 8 14   7   
1903        1 1 8 15   7   
1904        1 1 8 16   7   
1905        1 1 8 1    8   
1906        1 1 8 2    8   
1907        1 1 8 3    8   
1908        1 1 8 4    8   
1909        1 1 8 5    8   
1910        1 1 8 6    8   
1911        1 1 8 7    8   
1912        1 1 8 8    8   
1913        1 1 8 9    8   
1914        1 1 8 10   8   
1915        1 1 8 11   8   
1916        1 1 8 12   8   
1917        1 1 8 13   8   
1918        1 1 8 14   8   
1919        1 1 8 15   8   
1920        1 1 8 16   8   
1921        1 1 8 1    9   
1922        1 1 8 2    9   
1923        1 1 8 3    9   
1924        1 1 8 4    9   
1925        1 1 8 5    9   
1926        1 1 8 6    9   
1927        1 1 8 7    9   
1928        1 1 8 8    9   
1929        1 1 8 9    9   
1930        1 1 8 10   9   
1931        1 1 8 11   9   
1932        1 1 8 12   9   
1933        1 1 8 13   9   
1934        1 1 8 14   9   
1935        1 1 8 15   9   
1936        1 1 8 16   9   
1937        1 1 8 1    10  
1938        1 1 8 2    10  
1939        1 1 8 3    10  
1940        1 1 8 4    10  
1941        1 1 8 5    10  
1942        1 1 8 6    10  
1943        1 1 8 7    10  
1944        1 1 8 8    10  
1945        1 1 8 9    10  
1946        1 1 8 10   10  
1947        1 1 8 11   10  
1948        1 1 8 12   10  
1949        1 1 8 13   10  
1950        1 1 8 14   10  
1951        1 1 8 15   10  
1952        1 1 8 16   10  
1953        1 1 8 1    11  
1954        1 1 8 2    11  
1955        1 1 8 3    11  
1956        1 1 8 4    11  
1957        1 1 8 5    11  
1958        1 1 8 6    11  
1959        1 1 8 7    11  
1960        1 1 8 8    11  
1961        1 1 8 9    11  
1962        1 1 8 10   11  
1963        1 1 8 11   11  
1964        1 1 8 12   11  
1965        1 1 8 13   11  
1966        1 1 8 14   11  
1967        1 1 8 15   11  
1968        1 1 8 16   11  
1969        1 1 8 1    12  
1970        1 1 8 2    12  
1971        1 1 8 3    12  
1972        1 1 8 4    12  
1973        1 1 8 5    12  
1974        1 1 8 6    12  
1975        1 1 8 7    12  
1976        1 1 8 8    12  
1977        1 1 8 9    12  
1978        1 1 8 10   12  
1979        1 1 8 11   12  
1980        1 1 8 12   12  
1981        1 1 8 13   12  
1982        1 1 8 14   12  
1983        1 1 8 15   12  
1984        1 1 8 16   12  
1985        1 1 8 1    13  
1986        1 1 8 2    13  
1987        1 1 8 3    13  
1988        1 1 8 4    13  
1989        1 1 8 5    13  
1990        1 1 8 6    13  
1991        1 1 8 7    13  
1992        1 1 8 8    13  
1993        1 1 8 9    13  
1994        1 1 8 10   13  
1995        1 1 8 11   13  
1996        1 1 8 12   13  
1997        1 1 8 13   13  
1998        1 1 8 14   13  
1999        1 1 8 15   13  
2000        1 1 8 16   13  
2001        1 1 8 1    14  
2002        1 1 8 2    14  
2003        1 1 8 3    14  
2004        1 1 8 4    14  
2005        1 1 8 5    14  
2006        1 1 8 6    14  
2007        1 1 8 7    14  
2008        1 1 8 8    14  
2009        1 1 8 9    14  
2010        1 1 8 10   14  
2011        1 1 8 11   14  
2012        1 1 8 12   14  
2013        1 1 8 13   14  
2014        1 1 8 14   14  
2015        1 1 8 15   14  
2016        1 1 8 16   14  
2017        1 1 8 1    15  
2018        1 1 8 2    15  
2019        1 1 8 3    15  
2020        1 1 8 4    15  
2021        1 1 8 5    15  
2022        1 1 8 6    15  
2023        1 1 8 7    15  
2024        1 1 8 8    15  
2025        1 1 8 9    15  
2026        1 1 8 10   15  
2027        1 1 8 11   15  
2028        1 1 8 12   15  
2029        1 1 8 13   15  
2030        1 1 8 14   15  
2031        1 1 8 15   15  
2032        1 1 8 16   15  
2033        1 1 8 1    16  
2034        1 1 8 2    16  
2035        1 1 8 3    16  
2036        1 1 8 4    16  
2037        1 1 8 5    16  
2038        1 1 8 6    16  
2039        1 1 8 7    16  
2040        1 1 8 8    16  
2041        1 1 8 9    16  
2042        1 1 8 10   16  
2043        1 1 8 11   16  
2044        1 1 8 12   16  
2045        1 1 8 13   16  
2046        1 1 8 14   16  
2047        1 1 8 15   16  
2048        1 1 8 16   16   



%LOAD.CASE.LINE.FORCE.IGA.UNIFORM
64
1781 'Front' 'Top' 0 1.0000000000000000 0.0000000000000000 0.0000000000000000
1779 'Front' 'Top' 0 1.0000000000000000 0.0000000000000000 0.0000000000000000
1782 'Front' 'Top' 0 1.0000000000000000 0.0000000000000000 0.0000000000000000
1780 'Front' 'Top' 0 1.0000000000000000 0.0000000000000000 0.0000000000000000
1778 'Front' 'Top' 0 1.0000000000000000 0.0000000000000000 0.0000000000000000
1784 'Front' 'Top' 0 1.0000000000000000 0.0000000000000000 0.0000000000000000
1777 'Front' 'Top' 0 1.0000000000000000 0.0000000000000000 0.0000000000000000
1783 'Front' 'Top' 0 1.0000000000000000 0.0000000000000000 0.0000000000000000
1789 'Front' 'Top' 0 1.0000000000000000 0.0000000000000000 0.0000000000000000
1786 'Front' 'Top' 0 1.0000000000000000 0.0000000000000000 0.0000000000000000
1788 'Front' 'Top' 0 1.0000000000000000 0.0000000000000000 0.0000000000000000
1785 'Front' 'Top' 0 1.0000000000000000 0.0000000000000000 0.0000000000000000
1790 'Front' 'Top' 0 1.0000000000000000 0.0000000000000000 0.0000000000000000
1787 'Front' 'Top' 0 1.0000000000000000 0.0000000000000000 0.0000000000000000
1791 'Front' 'Top' 0 1.0000000000000000 0.0000000000000000 0.0000000000000000
1792 'Front' 'Top' 0 1.0000000000000000 0.0000000000000000 0.0000000000000000
2040 'Front' 'Top' 0 1.0000000000000000 0.0000000000000000 0.0000000000000000
2041 'Front' 'Top' 0 1.0000000000000000 0.0000000000000000 0.0000000000000000
2045 'Front' 'Top' 0 1.0000000000000000 0.0000000000000000 0.0000000000000000
2039 'Front' 'Top' 0 1.0000000000000000 0.0000000000000000 0.0000000000000000
2038 'Front' 'Top' 0 1.0000000000000000 0.0000000000000000 0.0000000000000000
2033 'Front' 'Top' 0 1.0000000000000000 0.0000000000000000 0.0000000000000000
2035 'Front' 'Top' 0 1.0000000000000000 0.0000000000000000 0.0000000000000000
2036 'Front' 'Top' 0 1.0000000000000000 0.0000000000000000 0.0000000000000000
2034 'Front' 'Top' 0 1.0000000000000000 0.0000000000000000 0.0000000000000000
2042 'Front' 'Top' 0 1.0000000000000000 0.0000000000000000 0.0000000000000000
2037 'Front' 'Top' 0 1.0000000000000000 0.0000000000000000 0.0000000000000000
2043 'Front' 'Top' 0 1.0000000000000000 0.0000000000000000 0.0000000000000000
2044 'Front' 'Top' 0 1.0000000000000000 0.0000000000000000 0.0000000000000000
2046 'Front' 'Top' 0 1.0000000000000000 0.0000000000000000 0.0000000000000000
2047 'Front' 'Top' 0 1.0000000000000000 0.0000000000000000 0.0000000000000000
2048 'Front' 'Top' 0 1.0000000000000000 0.0000000000000000 0.0000000000000000
1012 'Front' 'Top' 0 -1.0000000000000000 0.0000000000000000 0.0000000000000000
1015 'Front' 'Top' 0 -1.0000000000000000 0.0000000000000000 0.0000000000000000
1013 'Front' 'Top' 0 -1.0000000000000000 0.0000000000000000 0.0000000000000000
1009 'Front' 'Top' 0 -1.0000000000000000 0.0000000000000000 0.0000000000000000
1010 'Front' 'Top' 0 -1.0000000000000000 0.0000000000000000 0.0000000000000000
1011 'Front' 'Top' 0 -1.0000000000000000 0.0000000000000000 0.0000000000000000
1014 'Front' 'Top' 0 -1.0000000000000000 0.0000000000000000 0.0000000000000000
1020 'Front' 'Top' 0 -1.0000000000000000 0.0000000000000000 0.0000000000000000
1024 'Front' 'Top' 0 -1.0000000000000000 0.0000000000000000 0.0000000000000000
1016 'Front' 'Top' 0 -1.0000000000000000 0.0000000000000000 0.0000000000000000
1017 'Front' 'Top' 0 -1.0000000000000000 0.0000000000000000 0.0000000000000000
1021 'Front' 'Top' 0 -1.0000000000000000 0.0000000000000000 0.0000000000000000
1023 'Front' 'Top' 0 -1.0000000000000000 0.0000000000000000 0.0000000000000000
1022 'Front' 'Top' 0 -1.0000000000000000 0.0000000000000000 0.0000000000000000
1018 'Front' 'Top' 0 -1.0000000000000000 0.0000000000000000 0.0000000000000000
1019 'Front' 'Top' 0 -1.0000000000000000 0.0000000000000000 0.0000000000000000
762 'Front' 'Top' 0 -1.0000000000000000 0.0000000000000000 0.0000000000000000
765 'Front' 'Top' 0 -1.0000000000000000 0.0000000000000000 0.0000000000000000
761 'Front' 'Top' 0 -1.0000000000000000 0.0000000000000000 0.0000000000000000
766 'Front' 'Top' 0 -1.0000000000000000 0.0000000000000000 0.0000000000000000
767 'Front' 'Top' 0 -1.0000000000000000 0.0000000000000000 0.0000000000000000
757 'Front' 'Top' 0 -1.0000000000000000 0.0000000000000000 0.0000000000000000
768 'Front' 'Top' 0 -1.0000000000000000 0.0000000000000000 0.0000000000000000
756 'Front' 'Top' 0 -1.0000000000000000 0.0000000000000000 0.0000000000000000
758 'Front' 'Top' 0 -1.0000000000000000 0.0000000000000000 0.0000000000000000
760 'Front' 'Top' 0 -1.0000000000000000 0.0000000000000000 0.0000000000000000
763 'Front' 'Top' 0 -1.0000000000000000 0.0000000000000000 0.0000000000000000
755 'Front' 'Top' 0 -1.0000000000000000 0.0000000000000000 0.0000000000000000
753 'Front' 'Top' 0 -1.0000000000000000 0.0000000000000000 0.0000000000000000
754 'Front' 'Top' 0 -1.0000000000000000 0.0000000000000000 0.0000000000000000
759 'Front' 'Top' 0 -1.0000000000000000 0.0000000000000000 0.0000000000000000
764 'Front' 'Top' 0 -1.0000000000000000 0.0000000000000000 0.0000000000000000









%END